pdb,chain,res_id,residue,DiscoTope-3.0_score,calibrated_score,epitope,rsa,pLDDTs,length,alphafold_struc_flag
2WME_Q02DY9_D,D,2,A,0.11701,0.53491,False,0.90400,100,489,0
2WME_Q02DY9_D,D,3,R,0.12670,0.67224,False,0.47395,100,489,0
2WME_Q02DY9_D,D,4,F,0.11817,0.55135,False,0.36974,100,489,0
2WME_Q02DY9_D,D,5,E,0.17485,1.35460,True,0.79244,100,489,0
2WME_Q02DY9_D,D,6,E,0.06913,-0.14362,False,0.31402,100,489,0
2WME_Q02DY9_D,D,7,Q,0.01956,-0.84610,False,0.13758,100,489,0
2WME_Q02DY9_D,D,8,K,0.05843,-0.29525,False,0.24778,100,489,0
2WME_Q02DY9_D,D,9,L,0.00454,-1.05896,False,0.00247,100,489,0
2WME_Q02DY9_D,D,10,Y,0.03846,-0.57826,False,0.02998,100,489,0
2WME_Q02DY9_D,D,11,I,0.03249,-0.66286,False,0.04873,100,489,0
2WME_Q02DY9_D,D,12,G,0.04538,-0.48019,False,0.26109,100,489,0
2WME_Q02DY9_D,D,13,G,0.04020,-0.55360,False,0.24801,100,489,0
2WME_Q02DY9_D,D,14,R,0.16492,1.21387,True,0.60753,100,489,0
2WME_Q02DY9_D,D,15,Y,0.06953,-0.13795,False,0.34727,100,489,0
2WME_Q02DY9_D,D,16,V,0.07336,-0.08367,False,0.07902,100,489,0
2WME_Q02DY9_D,D,17,E,0.13097,0.73275,False,0.53336,100,489,0
2WME_Q02DY9_D,D,18,A,0.04395,-0.50046,False,0.16687,100,489,0
2WME_Q02DY9_D,D,19,S,0.09380,0.20599,False,0.43551,100,489,0
2WME_Q02DY9_D,D,20,S,0.11053,0.44308,False,0.35241,100,489,0
2WME_Q02DY9_D,D,21,G,0.20462,1.77648,True,1.04087,100,489,0
2WME_Q02DY9_D,D,22,A,0.24681,2.37438,True,0.41778,100,489,0
2WME_Q02DY9_D,D,23,T,0.09955,0.28748,False,0.34844,100,489,0
2WME_Q02DY9_D,D,24,F,0.16034,1.14897,True,0.07955,100,489,0
2WME_Q02DY9_D,D,25,E,0.12105,0.59217,False,0.48253,100,489,0
2WME_Q02DY9_D,D,26,T,0.03308,-0.65450,False,0.01238,100,489,0
2WME_Q02DY9_D,D,27,I,0.11866,0.55830,False,0.37800,100,489,0
2WME_Q02DY9_D,D,28,N,0.02182,-0.81407,False,0.02052,100,489,0
2WME_Q02DY9_D,D,29,P,0.01707,-0.88139,False,0.00596,100,489,0
2WME_Q02DY9_D,D,30,A,0.09152,0.17368,False,0.16936,100,489,0
2WME_Q02DY9_D,D,31,N,0.12882,0.70228,False,0.38469,100,489,0
2WME_Q02DY9_D,D,32,G,0.11244,0.47015,False,0.36612,100,489,0
2WME_Q02DY9_D,D,33,E,0.12504,0.64871,False,0.32236,100,489,0
2WME_Q02DY9_D,D,34,V,0.12039,0.58281,False,0.32616,100,489,0
2WME_Q02DY9_D,D,35,L,0.00877,-0.99901,False,0.00000,100,489,0
2WME_Q02DY9_D,D,36,A,0.00443,-1.06052,False,0.00000,100,489,0
2WME_Q02DY9_D,D,37,K,0.10356,0.34431,False,0.45181,100,489,0
2WME_Q02DY9_D,D,38,V,0.00263,-1.08603,False,0.00000,100,489,0
2WME_Q02DY9_D,D,39,Q,0.02115,-0.82357,False,0.06704,100,489,0
2WME_Q02DY9_D,D,40,R,0.10817,0.40964,False,0.24418,100,489,0
2WME_Q02DY9_D,D,41,A,0.00696,-1.02466,False,0.03488,100,489,0
2WME_Q02DY9_D,D,42,S,0.03676,-0.60235,False,0.13103,100,489,0
2WME_Q02DY9_D,D,43,R,0.14602,0.94603,True,0.61784,100,489,0
2WME_Q02DY9_D,D,44,E,0.12876,0.70143,False,0.63022,100,489,0
2WME_Q02DY9_D,D,45,D,0.04278,-0.51704,False,0.02032,100,489,0
2WME_Q02DY9_D,D,46,V,0.01613,-0.89471,False,0.02856,100,489,0
2WME_Q02DY9_D,D,47,E,0.09815,0.26764,False,0.38460,100,489,0
2WME_Q02DY9_D,D,48,R,0.17253,1.32172,True,0.44535,100,489,0
2WME_Q02DY9_D,D,49,A,0.00207,-1.09396,False,0.00000,100,489,0
2WME_Q02DY9_D,D,50,V,0.00234,-1.09014,False,0.00000,100,489,0
2WME_Q02DY9_D,D,51,Q,0.07761,-0.02344,False,0.41496,100,489,0
2WME_Q02DY9_D,D,52,S,0.06286,-0.23247,False,0.20695,100,489,0
2WME_Q02DY9_D,D,53,A,0.00153,-1.10162,False,0.00000,100,489,0
2WME_Q02DY9_D,D,54,V,0.05118,-0.39800,False,0.26008,100,489,0
2WME_Q02DY9_D,D,55,E,0.09576,0.23377,False,0.51078,100,489,0
2WME_Q02DY9_D,D,56,G,0.02188,-0.81322,False,0.04325,100,489,0
2WME_Q02DY9_D,D,57,Q,0.04190,-0.52951,False,0.12566,100,489,0
2WME_Q02DY9_D,D,58,K,0.07997,0.01000,False,0.56226,100,489,0
2WME_Q02DY9_D,D,59,V,0.12294,0.61895,False,0.58747,100,489,0
2WME_Q02DY9_D,D,60,W,0.00797,-1.01035,False,0.00000,100,489,0
2WME_Q02DY9_D,D,61,A,0.05897,-0.28760,False,0.36747,100,489,0
2WME_Q02DY9_D,D,62,A,0.05836,-0.29625,False,0.84895,100,489,0
2WME_Q02DY9_D,D,63,M,0.10417,0.35295,False,0.26278,100,489,0
2WME_Q02DY9_D,D,64,T,0.11474,0.50274,False,0.57993,100,489,0
2WME_Q02DY9_D,D,65,A,0.03971,-0.56055,False,0.30020,100,489,0
2WME_Q02DY9_D,D,66,M,0.12498,0.64786,False,0.45278,100,489,0
2WME_Q02DY9_D,D,67,Q,0.14823,0.97735,True,0.42695,100,489,0
2WME_Q02DY9_D,D,68,R,0.05325,-0.36866,False,0.12406,100,489,0
2WME_Q02DY9_D,D,69,S,0.01661,-0.88791,False,0.00870,100,489,0
2WME_Q02DY9_D,D,70,R,0.19524,1.64355,True,0.57230,100,489,0
2WME_Q02DY9_D,D,71,I,0.05637,-0.32445,False,0.16937,100,489,0
2WME_Q02DY9_D,D,72,L,0.00267,-1.08546,False,0.00000,100,489,0
2WME_Q02DY9_D,D,73,R,0.09344,0.20089,False,0.42432,100,489,0
2WME_Q02DY9_D,D,74,R,0.13376,0.77229,False,0.41424,100,489,0
2WME_Q02DY9_D,D,75,A,0.00254,-1.08730,False,0.00000,100,489,0
2WME_Q02DY9_D,D,76,V,0.01882,-0.85659,False,0.02856,100,489,0
2WME_Q02DY9_D,D,77,D,0.11985,0.57516,False,0.50421,100,489,0
2WME_Q02DY9_D,D,78,I,0.01529,-0.90661,False,0.00000,100,489,0
2WME_Q02DY9_D,D,79,L,0.00491,-1.05372,False,0.00247,100,489,0
2WME_Q02DY9_D,D,80,R,0.13650,0.81112,False,0.35551,100,489,0
2WME_Q02DY9_D,D,81,E,0.16301,1.18680,True,0.60233,100,489,0
2WME_Q02DY9_D,D,82,R,0.15108,1.01774,True,0.24275,100,489,0
2WME_Q02DY9_D,D,83,N,0.05112,-0.39885,False,0.11882,100,489,0
2WME_Q02DY9_D,D,84,D,0.13649,0.81098,False,0.55501,100,489,0
2WME_Q02DY9_D,D,85,E,0.15410,1.06054,True,0.54837,100,489,0
2WME_Q02DY9_D,D,86,L,0.01202,-0.95296,False,0.01154,100,489,0
2WME_Q02DY9_D,D,87,A,0.00179,-1.09793,False,0.00000,100,489,0
2WME_Q02DY9_D,D,88,A,0.11223,0.46717,False,0.43414,100,489,0
2WME_Q02DY9_D,D,89,L,0.02974,-0.70184,False,0.14121,100,489,0
2WME_Q02DY9_D,D,90,E,0.00538,-1.04705,False,0.00000,100,489,0
2WME_Q02DY9_D,D,91,T,0.01664,-0.88748,False,0.01349,100,489,0
2WME_Q02DY9_D,D,92,L,0.06885,-0.14759,False,0.11623,100,489,0
2WME_Q02DY9_D,D,93,D,0.00811,-1.00837,False,0.00123,100,489,0
2WME_Q02DY9_D,D,94,T,0.04061,-0.54779,False,0.01681,100,489,0
2WME_Q02DY9_D,D,95,G,0.00453,-1.05910,False,0.00161,100,489,0
2WME_Q02DY9_D,D,96,K,0.04189,-0.52965,False,0.03090,100,489,0
2WME_Q02DY9_D,D,97,P,0.01259,-0.94488,False,0.00696,100,489,0
2WME_Q02DY9_D,D,98,L,0.05706,-0.31467,False,0.10140,100,489,0
2WME_Q02DY9_D,D,99,A,0.12227,0.60946,False,0.43184,100,489,0
2WME_Q02DY9_D,D,100,E,0.04925,-0.42535,False,0.04587,100,489,0
2WME_Q02DY9_D,D,101,T,0.00559,-1.04408,False,0.00000,100,489,0
2WME_Q02DY9_D,D,102,R,0.14411,0.91896,True,0.33076,100,489,0
2WME_Q02DY9_D,D,103,S,0.15694,1.10078,True,0.55033,100,489,0
2WME_Q02DY9_D,D,104,V,0.08958,0.14619,False,0.25515,100,489,0
2WME_Q02DY9_D,D,105,D,0.00561,-1.04380,False,0.00189,100,489,0
2WME_Q02DY9_D,D,106,I,0.00997,-0.98201,False,0.00320,100,489,0
2WME_Q02DY9_D,D,107,V,0.08155,0.03239,False,0.34846,100,489,0
2WME_Q02DY9_D,D,108,T,0.08615,0.09758,False,0.27250,100,489,0
2WME_Q02DY9_D,D,109,G,0.00311,-1.07922,False,0.00000,100,489,0
2WME_Q02DY9_D,D,110,A,0.00330,-1.07653,False,0.00000,100,489,0
2WME_Q02DY9_D,D,111,D,0.04884,-0.43116,False,0.33879,100,489,0
2WME_Q02DY9_D,D,112,V,0.00582,-1.04082,False,0.01142,100,489,0
2WME_Q02DY9_D,D,113,L,0.00170,-1.09921,False,0.00000,100,489,0
2WME_Q02DY9_D,D,114,E,0.05320,-0.36937,False,0.44112,100,489,0
2WME_Q02DY9_D,D,115,Y,0.09473,0.21917,False,0.19801,100,489,0
2WME_Q02DY9_D,D,116,Y,0.00628,-1.03430,False,0.00113,100,489,0
2WME_Q02DY9_D,D,117,A,0.00305,-1.08007,False,0.00000,100,489,0
2WME_Q02DY9_D,D,118,G,0.09176,0.17708,False,0.60931,100,489,0
2WME_Q02DY9_D,D,119,L,0.08977,0.14888,False,0.22505,100,489,0
2WME_Q02DY9_D,D,120,V,0.03406,-0.64062,False,0.03626,100,489,0
2WME_Q02DY9_D,D,121,P,0.10454,0.35819,False,0.44460,100,489,0
2WME_Q02DY9_D,D,122,A,0.11846,0.55546,False,0.61101,100,489,0
2WME_Q02DY9_D,D,123,I,0.08503,0.08171,False,0.30240,100,489,0
2WME_Q02DY9_D,D,124,E,0.13272,0.75755,False,0.67991,100,489,0
2WME_Q02DY9_D,D,125,G,0.09165,0.17552,False,0.45640,100,489,0
2WME_Q02DY9_D,D,126,E,0.13791,0.83110,False,0.55565,100,489,0
2WME_Q02DY9_D,D,127,Q,0.10780,0.40439,False,0.53612,100,489,0
2WME_Q02DY9_D,D,128,I,0.09757,0.25942,False,0.42878,100,489,0
2WME_Q02DY9_D,D,129,P,0.12246,0.61215,False,0.73804,100,489,0
2WME_Q02DY9_D,D,130,L,0.13194,0.74649,False,0.51853,100,489,0
2WME_Q02DY9_D,D,131,R,0.18959,1.56348,True,0.52849,100,489,0
2WME_Q02DY9_D,D,132,E,0.20051,1.71824,True,0.84183,100,489,0
2WME_Q02DY9_D,D,133,T,0.10666,0.38824,False,0.34716,100,489,0
2WME_Q02DY9_D,D,134,S,0.01960,-0.84554,False,0.00527,100,489,0
2WME_Q02DY9_D,D,135,F,0.12884,0.70256,False,0.34020,100,489,0
2WME_Q02DY9_D,D,136,V,0.04450,-0.49266,False,0.16376,100,489,0
2WME_Q02DY9_D,D,137,Y,0.10459,0.35890,False,0.38065,100,489,0
2WME_Q02DY9_D,D,138,T,0.05549,-0.33692,False,0.11277,100,489,0
2WME_Q02DY9_D,D,139,R,0.11526,0.51011,False,0.48237,100,489,0
2WME_Q02DY9_D,D,140,R,0.09920,0.28252,False,0.31303,100,489,0
2WME_Q02DY9_D,D,141,E,0.02864,-0.71742,False,0.16811,100,489,0
2WME_Q02DY9_D,D,142,P,0.05488,-0.34556,False,0.28167,100,489,0
2WME_Q02DY9_D,D,143,L,0.02787,-0.72834,False,0.05280,100,489,0
2WME_Q02DY9_D,D,144,G,0.02466,-0.77383,False,0.19796,100,489,0
2WME_Q02DY9_D,D,145,V,0.00994,-0.98243,False,0.04790,100,489,0
2WME_Q02DY9_D,D,146,V,0.00325,-1.07724,False,0.00190,100,489,0
2WME_Q02DY9_D,D,147,A,0.00269,-1.08518,False,0.00377,100,489,0
2WME_Q02DY9_D,D,148,G,0.00335,-1.07582,False,0.00000,100,489,0
2WME_Q02DY9_D,D,149,I,0.03122,-0.68086,False,0.05680,100,489,0
2WME_Q02DY9_D,D,150,G,0.01556,-0.90279,False,0.10847,100,489,0
2WME_Q02DY9_D,D,151,A,0.02188,-0.81322,False,0.14895,100,489,0
2WME_Q02DY9_D,D,152,W,0.11836,0.55405,False,0.21713,100,489,0
2WME_Q02DY9_D,D,153,N,0.03511,-0.62574,False,0.06298,100,489,0
2WME_Q02DY9_D,D,154,Y,0.03100,-0.68398,False,0.07815,100,489,0
2WME_Q02DY9_D,D,155,P,0.00817,-1.00752,False,0.04158,100,489,0
2WME_Q02DY9_D,D,156,V,0.00525,-1.04890,False,0.00381,100,489,0
2WME_Q02DY9_D,D,157,Q,0.01893,-0.85503,False,0.08494,100,489,0
2WME_Q02DY9_D,D,158,I,0.01637,-0.89131,False,0.08400,100,489,0
2WME_Q02DY9_D,D,159,A,0.00111,-1.10757,False,0.00000,100,489,0
2WME_Q02DY9_D,D,160,L,0.00133,-1.10445,False,0.00000,100,489,0
2WME_Q02DY9_D,D,161,W,0.02028,-0.83590,False,0.11270,100,489,0
2WME_Q02DY9_D,D,162,K,0.00225,-1.09141,False,0.00132,100,489,0
2WME_Q02DY9_D,D,163,S,0.00123,-1.10587,False,0.00000,100,489,0
2WME_Q02DY9_D,D,164,A,0.00129,-1.10502,False,0.00000,100,489,0
2WME_Q02DY9_D,D,165,P,0.00228,-1.09099,False,0.00199,100,489,0
2WME_Q02DY9_D,D,166,A,0.00091,-1.11040,False,0.00000,100,489,0
2WME_Q02DY9_D,D,167,L,0.00147,-1.10247,False,0.00000,100,489,0
2WME_Q02DY9_D,D,168,A,0.00341,-1.07497,False,0.00848,100,489,0
2WME_Q02DY9_D,D,169,A,0.00566,-1.04309,False,0.05544,100,489,0
2WME_Q02DY9_D,D,170,G,0.01058,-0.97336,False,0.03679,100,489,0
2WME_Q02DY9_D,D,171,N,0.00733,-1.01942,False,0.00000,100,489,0
2WME_Q02DY9_D,D,172,A,0.00111,-1.10757,False,0.00000,100,489,0
2WME_Q02DY9_D,D,173,M,0.00251,-1.08773,False,0.00072,100,489,0
2WME_Q02DY9_D,D,174,I,0.00353,-1.07327,False,0.00080,100,489,0
2WME_Q02DY9_D,D,175,F,0.01120,-0.96458,False,0.00828,100,489,0
2WME_Q02DY9_D,D,176,K,0.02527,-0.76518,False,0.02887,100,489,0
2WME_Q02DY9_D,D,177,P,0.00995,-0.98229,False,0.02952,100,489,0
2WME_Q02DY9_D,D,178,S,0.06603,-0.18755,False,0.09536,100,489,0
2WME_Q02DY9_D,D,179,E,0.05460,-0.34953,False,0.30982,100,489,0
2WME_Q02DY9_D,D,180,V,0.07594,-0.04711,False,0.37217,100,489,0
2WME_Q02DY9_D,D,181,T,0.00670,-1.02835,False,0.00426,100,489,0
2WME_Q02DY9_D,D,182,P,0.00530,-1.04819,False,0.00398,100,489,0
2WME_Q02DY9_D,D,183,L,0.00997,-0.98201,False,0.02305,100,489,0
2WME_Q02DY9_D,D,184,T,0.00187,-1.09680,False,0.00000,100,489,0
2WME_Q02DY9_D,D,185,A,0.00420,-1.06378,False,0.01385,100,489,0
2WME_Q02DY9_D,D,186,L,0.00378,-1.06973,False,0.00000,100,489,0
2WME_Q02DY9_D,D,187,K,0.07699,-0.03223,False,0.31520,100,489,0
2WME_Q02DY9_D,D,188,L,0.00510,-1.05102,False,0.00401,100,489,0
2WME_Q02DY9_D,D,189,A,0.00608,-1.03713,False,0.00566,100,489,0
2WME_Q02DY9_D,D,190,E,0.06642,-0.18202,False,0.33864,100,489,0
2WME_Q02DY9_D,D,191,I,0.03306,-0.65479,False,0.03200,100,489,0
2WME_Q02DY9_D,D,192,Y,0.00402,-1.06633,False,0.00670,100,489,0
2WME_Q02DY9_D,D,193,T,0.04313,-0.51208,False,0.33711,100,489,0
2WME_Q02DY9_D,D,194,E,0.13157,0.74125,False,0.47004,100,489,0
2WME_Q02DY9_D,D,195,A,0.02102,-0.82541,False,0.09454,100,489,0
2WME_Q02DY9_D,D,196,G,0.09977,0.29060,False,0.41173,100,489,0
2WME_Q02DY9_D,D,197,V,0.02560,-0.76051,False,0.04740,100,489,0
2WME_Q02DY9_D,D,198,P,0.03667,-0.60363,False,0.15404,100,489,0
2WME_Q02DY9_D,D,199,D,0.06687,-0.17565,False,0.53781,100,489,0
2WME_Q02DY9_D,D,200,G,0.00821,-1.00695,False,0.01958,100,489,0
2WME_Q02DY9_D,D,201,V,0.00471,-1.05655,False,0.00000,100,489,0
2WME_Q02DY9_D,D,202,F,0.02542,-0.76306,False,0.03902,100,489,0
2WME_Q02DY9_D,D,203,N,0.00376,-1.07001,False,0.00127,100,489,0
2WME_Q02DY9_D,D,204,V,0.00471,-1.05655,False,0.00000,100,489,0
2WME_Q02DY9_D,D,205,L,0.00306,-1.07993,False,0.00000,100,489,0
2WME_Q02DY9_D,D,206,T,0.00528,-1.04847,False,0.00358,100,489,0
2WME_Q02DY9_D,D,207,G,0.01337,-0.93382,False,0.00875,100,489,0
2WME_Q02DY9_D,D,208,S,0.10145,0.31440,False,0.14541,100,489,0
2WME_Q02DY9_D,D,209,G,0.15194,1.02993,True,0.48118,100,489,0
2WME_Q02DY9_D,D,210,R,0.19995,1.71030,True,0.89479,100,489,0
2WME_Q02DY9_D,D,211,E,0.09578,0.23405,False,0.42011,100,489,0
2WME_Q02DY9_D,D,212,V,0.01261,-0.94459,False,0.00762,100,489,0
2WME_Q02DY9_D,D,213,G,0.02944,-0.70609,False,0.03498,100,489,0
2WME_Q02DY9_D,D,214,Q,0.07697,-0.03251,False,0.32579,100,489,0
2WME_Q02DY9_D,D,215,W,0.08370,0.06286,False,0.20883,100,489,0
2WME_Q02DY9_D,D,216,L,0.00265,-1.08574,False,0.00000,100,489,0
2WME_Q02DY9_D,D,217,T,0.00855,-1.00213,False,0.01310,100,489,0
2WME_Q02DY9_D,D,218,E,0.07418,-0.07205,False,0.34145,100,489,0
2WME_Q02DY9_D,D,219,H,0.07183,-0.10536,False,0.12331,100,489,0
2WME_Q02DY9_D,D,220,P,0.11569,0.51621,False,0.69702,100,489,0
2WME_Q02DY9_D,D,221,L,0.14021,0.86369,False,0.52662,100,489,0
2WME_Q02DY9_D,D,222,I,0.02127,-0.82187,False,0.00828,100,489,0
2WME_Q02DY9_D,D,223,E,0.05323,-0.36895,False,0.31431,100,489,0
2WME_Q02DY9_D,D,224,K,0.01728,-0.87841,False,0.04211,100,489,0
2WME_Q02DY9_D,D,225,I,0.00347,-1.07412,False,0.00000,100,489,0
2WME_Q02DY9_D,D,226,S,0.01210,-0.95182,False,0.00639,100,489,0
2WME_Q02DY9_D,D,227,F,0.05410,-0.35662,False,0.06752,100,489,0
2WME_Q02DY9_D,D,228,T,0.07668,-0.03662,False,0.10340,100,489,0
2WME_Q02DY9_D,D,229,G,0.08688,0.10793,False,0.20409,100,489,0
2WME_Q02DY9_D,D,230,G,0.13992,0.85958,False,0.42263,100,489,0
2WME_Q02DY9_D,D,231,T,0.05866,-0.29200,False,0.11784,100,489,0
2WME_Q02DY9_D,D,232,S,0.22024,1.99784,True,0.57124,100,489,0
2WME_Q02DY9_D,D,233,T,0.15306,1.04580,True,0.47989,100,489,0
2WME_Q02DY9_D,D,234,G,0.00968,-0.98612,False,0.00542,100,489,0
2WME_Q02DY9_D,D,235,K,0.12832,0.69519,False,0.55178,100,489,0
2WME_Q02DY9_D,D,236,K,0.17306,1.32923,True,0.69476,100,489,0
2WME_Q02DY9_D,D,237,V,0.02930,-0.70807,False,0.14648,100,489,0
2WME_Q02DY9_D,D,238,M,0.06112,-0.25713,False,0.35915,100,489,0
2WME_Q02DY9_D,D,239,A,0.11162,0.45853,False,0.57802,100,489,0
2WME_Q02DY9_D,D,240,S,0.03682,-0.60150,False,0.17242,100,489,0
2WME_Q02DY9_D,D,241,A,0.00214,-1.09297,False,0.00000,100,489,0
2WME_Q02DY9_D,D,242,S,0.10368,0.34601,False,0.35361,100,489,0
2WME_Q02DY9_D,D,243,S,0.17049,1.29281,True,0.78635,100,489,0
2WME_Q02DY9_D,D,244,S,0.07097,-0.11754,False,0.40709,100,489,0
2WME_Q02DY9_D,D,245,S,0.12397,0.63355,False,0.33690,100,489,0
2WME_Q02DY9_D,D,246,L,0.19693,1.66750,True,0.95832,100,489,0
2WME_Q02DY9_D,D,247,K,0.07949,0.00320,False,0.07711,100,489,0
2WME_Q02DY9_D,D,248,E,0.08260,0.04727,False,0.56664,100,489,0
2WME_Q02DY9_D,D,249,V,0.02527,-0.76518,False,0.16307,100,489,0
2WME_Q02DY9_D,D,250,T,0.02049,-0.83292,False,0.03901,100,489,0
2WME_Q02DY9_D,D,251,M,0.01566,-0.90137,False,0.00935,100,489,0
2WME_Q02DY9_D,D,252,E,0.05093,-0.40154,False,0.08905,100,489,0
2WME_Q02DY9_D,D,253,L,0.04915,-0.42677,False,0.05809,100,489,0
2WME_Q02DY9_D,D,254,G,0.01854,-0.86056,False,0.00805,100,489,0
2WME_Q02DY9_D,D,255,G,0.02866,-0.71714,False,0.04927,100,489,0
2WME_Q02DY9_D,D,256,K,0.01622,-0.89344,False,0.02291,100,489,0
2WME_Q02DY9_D,D,257,S,0.01610,-0.89514,False,0.01857,100,489,0
2WME_Q02DY9_D,D,258,P,0.01342,-0.93312,False,0.06959,100,489,0
2WME_Q02DY9_D,D,259,L,0.00969,-0.98598,False,0.00247,100,489,0
2WME_Q02DY9_D,D,260,I,0.00379,-1.06959,False,0.00000,100,489,0
2WME_Q02DY9_D,D,261,I,0.00230,-1.09070,False,0.00000,100,489,0
2WME_Q02DY9_D,D,262,F,0.01248,-0.94644,False,0.00955,100,489,0
2WME_Q02DY9_D,D,263,P,0.10969,0.43118,False,0.45142,100,489,0
2WME_Q02DY9_D,D,264,D,0.07612,-0.04456,False,0.31470,100,489,0
2WME_Q02DY9_D,D,265,A,0.03269,-0.66003,False,0.11219,100,489,0
2WME_Q02DY9_D,D,266,D,0.14453,0.92491,True,0.40490,100,489,0
2WME_Q02DY9_D,D,267,L,0.06465,-0.20711,False,0.06367,100,489,0
2WME_Q02DY9_D,D,268,D,0.10835,0.41219,False,0.41390,100,489,0
2WME_Q02DY9_D,D,269,R,0.13553,0.79737,False,0.44638,100,489,0
2WME_Q02DY9_D,D,270,A,0.00178,-1.09807,False,0.00000,100,489,0
2WME_Q02DY9_D,D,271,A,0.00193,-1.09595,False,0.00000,100,489,0
2WME_Q02DY9_D,D,272,D,0.06853,-0.15212,False,0.39512,100,489,0
2WME_Q02DY9_D,D,273,I,0.04242,-0.52214,False,0.07028,100,489,0
2WME_Q02DY9_D,D,274,A,0.00153,-1.10162,False,0.00000,100,489,0
2WME_Q02DY9_D,D,275,V,0.02182,-0.81407,False,0.16275,100,489,0
2WME_Q02DY9_D,D,276,M,0.09332,0.19919,False,0.57316,100,489,0
2WME_Q02DY9_D,D,277,A,0.00323,-1.07752,False,0.00128,100,489,0
2WME_Q02DY9_D,D,278,N,0.00500,-1.05244,False,0.01018,100,489,0
2WME_Q02DY9_D,D,279,F,0.01605,-0.89584,False,0.03912,100,489,0
2WME_Q02DY9_D,D,280,F,0.09597,0.23674,False,0.28951,100,489,0
2WME_Q02DY9_D,D,281,S,0.00558,-1.04422,False,0.00089,100,489,0
2WME_Q02DY9_D,D,282,S,0.01944,-0.84780,False,0.02198,100,489,0
2WME_Q02DY9_D,D,283,G,0.01259,-0.94488,False,0.02736,100,489,0
2WME_Q02DY9_D,D,284,Q,0.01344,-0.93283,False,0.01942,100,489,0
2WME_Q02DY9_D,D,285,V,0.05141,-0.39474,False,0.23963,100,489,0
2WME_Q02DY9_D,D,286,C,0.03148,-0.67718,False,0.19636,100,489,0
2WME_Q02DY9_D,D,287,T,0.03821,-0.58180,False,0.18582,100,489,0
2WME_Q02DY9_D,D,288,N,0.02441,-0.77737,False,0.06042,100,489,0
2WME_Q02DY9_D,D,289,G,0.00346,-1.07426,False,0.00000,100,489,0
2WME_Q02DY9_D,D,290,T,0.01999,-0.84001,False,0.14674,100,489,0
2WME_Q02DY9_D,D,291,R,0.03667,-0.60363,False,0.04242,100,489,0
2WME_Q02DY9_D,D,292,V,0.00269,-1.08518,False,0.00000,100,489,0
2WME_Q02DY9_D,D,293,F,0.00155,-1.10133,False,0.00064,100,489,0
2WME_Q02DY9_D,D,294,I,0.00183,-1.09736,False,0.00000,100,489,0
2WME_Q02DY9_D,D,295,H,0.03190,-0.67123,False,0.20479,100,489,0
2WME_Q02DY9_D,D,296,R,0.12923,0.70809,False,0.57817,100,489,0
2WME_Q02DY9_D,D,297,S,0.15525,1.07683,True,0.65671,100,489,0
2WME_Q02DY9_D,D,298,Q,0.08201,0.03891,False,0.09098,100,489,0
2WME_Q02DY9_D,D,299,Q,0.03141,-0.67817,False,0.16363,100,489,0
2WME_Q02DY9_D,D,300,A,0.13641,0.80984,False,0.76493,100,489,0
2WME_Q02DY9_D,D,301,R,0.26854,2.68233,True,0.54087,100,489,0
2WME_Q02DY9_D,D,302,F,0.00245,-1.08858,False,0.00000,100,489,0
2WME_Q02DY9_D,D,303,E,0.03264,-0.66074,False,0.08138,100,489,0
2WME_Q02DY9_D,D,304,A,0.12575,0.65877,False,0.58828,100,489,0
2WME_Q02DY9_D,D,305,K,0.06680,-0.17664,False,0.21780,100,489,0
2WME_Q02DY9_D,D,306,V,0.00292,-1.08192,False,0.00000,100,489,0
2WME_Q02DY9_D,D,307,L,0.05840,-0.29568,False,0.32892,100,489,0
2WME_Q02DY9_D,D,308,E,0.12858,0.69888,False,0.50232,100,489,0
2WME_Q02DY9_D,D,309,R,0.06961,-0.13682,False,0.06298,100,489,0
2WME_Q02DY9_D,D,310,V,0.02830,-0.72224,False,0.09124,100,489,0
2WME_Q02DY9_D,D,311,Q,0.17458,1.35077,True,0.67848,100,489,0
2WME_Q02DY9_D,D,312,R,0.20719,1.81290,True,0.59634,100,489,0
2WME_Q02DY9_D,D,313,I,0.13574,0.80035,False,0.24532,100,489,0
2WME_Q02DY9_D,D,314,R,0.16205,1.17320,True,0.48390,100,489,0
2WME_Q02DY9_D,D,315,L,0.08824,0.12720,False,0.26033,100,489,0
2WME_Q02DY9_D,D,316,G,0.03108,-0.68285,False,0.06921,100,489,0
2WME_Q02DY9_D,D,317,D,0.07611,-0.04470,False,0.46338,100,489,0
2WME_Q02DY9_D,D,318,P,0.02502,-0.76873,False,0.02386,100,489,0
2WME_Q02DY9_D,D,319,Q,0.20481,1.77917,True,0.48432,100,489,0
2WME_Q02DY9_D,D,320,D,0.22462,2.05991,True,0.43165,100,489,0
2WME_Q02DY9_D,D,321,E,0.24755,2.38487,True,0.61378,100,489,0
2WME_Q02DY9_D,D,322,N,0.20086,1.72320,True,0.62186,100,489,0
2WME_Q02DY9_D,D,323,T,0.04152,-0.53490,False,0.05800,100,489,0
2WME_Q02DY9_D,D,324,N,0.14946,0.99478,True,0.37433,100,489,0
2WME_Q02DY9_D,D,325,F,0.01774,-0.87189,False,0.01044,100,489,0
2WME_Q02DY9_D,D,326,G,0.01414,-0.92291,False,0.01470,100,489,0
2WME_Q02DY9_D,D,327,P,0.00897,-0.99618,False,0.00955,100,489,0
2WME_Q02DY9_D,D,328,L,0.00732,-1.01956,False,0.00577,100,489,0
2WME_Q02DY9_D,D,329,V,0.05568,-0.33423,False,0.03904,100,489,0
2WME_Q02DY9_D,D,330,S,0.11017,0.43798,False,0.17377,100,489,0
2WME_Q02DY9_D,D,331,F,0.08721,0.11260,False,0.29211,100,489,0
2WME_Q02DY9_D,D,332,P,0.17165,1.30925,True,0.69052,100,489,0
2WME_Q02DY9_D,D,333,H,0.07034,-0.12647,False,0.16182,100,489,0
2WME_Q02DY9_D,D,334,M,0.04489,-0.48714,False,0.04602,100,489,0
2WME_Q02DY9_D,D,335,E,0.23145,2.15670,True,0.60483,100,489,0
2WME_Q02DY9_D,D,336,S,0.11957,0.57119,False,0.43160,100,489,0
2WME_Q02DY9_D,D,337,V,0.00277,-1.08404,False,0.00000,100,489,0
2WME_Q02DY9_D,D,338,L,0.08346,0.05946,False,0.28625,100,489,0
2WME_Q02DY9_D,D,339,G,0.16871,1.26758,True,0.49589,100,489,0
2WME_Q02DY9_D,D,340,Y,0.06905,-0.14475,False,0.20811,100,489,0
2WME_Q02DY9_D,D,341,I,0.02373,-0.78701,False,0.00640,100,489,0
2WME_Q02DY9_D,D,342,E,0.12484,0.64588,False,0.51986,100,489,0
2WME_Q02DY9_D,D,343,S,0.11721,0.53775,False,0.22722,100,489,0
2WME_Q02DY9_D,D,344,G,0.00678,-1.02721,False,0.00483,100,489,0
2WME_Q02DY9_D,D,345,K,0.12137,0.59670,False,0.41958,100,489,0
2WME_Q02DY9_D,D,346,A,0.15248,1.03758,True,0.72357,100,489,0
2WME_Q02DY9_D,D,347,Q,0.14122,0.87801,False,0.42032,100,489,0
2WME_Q02DY9_D,D,348,K,0.22477,2.06204,True,0.85088,100,489,0
2WME_Q02DY9_D,D,349,A,0.02962,-0.70354,False,0.10666,100,489,0
2WME_Q02DY9_D,D,350,R,0.07883,-0.00616,False,0.40373,100,489,0
2WME_Q02DY9_D,D,351,L,0.14734,0.96474,True,0.42237,100,489,0
2WME_Q02DY9_D,D,352,L,0.05972,-0.27697,False,0.23435,100,489,0
2WME_Q02DY9_D,D,353,C,0.07642,-0.04031,False,0.15823,100,489,0
2WME_Q02DY9_D,D,354,G,0.03125,-0.68044,False,0.42968,100,489,0
2WME_Q02DY9_D,D,355,G,0.02610,-0.75342,False,0.04596,100,489,0
2WME_Q02DY9_D,D,356,E,0.12190,0.60421,False,0.60685,100,489,0
2WME_Q02DY9_D,D,357,R,0.16141,1.16413,True,0.32143,100,489,0
2WME_Q02DY9_D,D,358,V,0.11102,0.45003,False,0.20374,100,489,0
2WME_Q02DY9_D,D,359,T,0.22185,2.02066,True,0.51516,100,489,0
2WME_Q02DY9_D,D,360,D,0.30275,3.16714,True,0.72886,100,489,0
2WME_Q02DY9_D,D,361,G,0.20289,1.75197,True,0.82643,100,489,0
2WME_Q02DY9_D,D,362,A,0.13446,0.78221,False,0.78011,100,489,0
2WME_Q02DY9_D,D,363,F,0.15224,1.03418,True,0.26307,100,489,0
2WME_Q02DY9_D,D,364,G,0.17913,1.41525,True,0.36862,100,489,0
2WME_Q02DY9_D,D,365,K,0.30797,3.24111,True,0.66141,100,489,0
2WME_Q02DY9_D,D,366,G,0.00876,-0.99916,False,0.00000,100,489,0
2WME_Q02DY9_D,D,367,A,0.00478,-1.05556,False,0.00000,100,489,0
2WME_Q02DY9_D,D,368,Y,0.01062,-0.97280,False,0.02304,100,489,0
2WME_Q02DY9_D,D,369,V,0.01086,-0.96939,False,0.00679,100,489,0
2WME_Q02DY9_D,D,370,A,0.01905,-0.85333,False,0.12244,100,489,0
2WME_Q02DY9_D,D,371,P,0.01525,-0.90718,False,0.11069,100,489,0
2WME_Q02DY9_D,D,372,T,0.00327,-1.07696,False,0.00000,100,489,0
2WME_Q02DY9_D,D,373,V,0.00293,-1.08178,False,0.00000,100,489,0
2WME_Q02DY9_D,D,374,F,0.00232,-1.09042,False,0.00064,100,489,0
2WME_Q02DY9_D,D,375,T,0.00533,-1.04776,False,0.00145,100,489,0
2WME_Q02DY9_D,D,376,D,0.03484,-0.62956,False,0.42924,100,489,0
2WME_Q02DY9_D,D,377,C,0.01264,-0.94417,False,0.05638,100,489,0
2WME_Q02DY9_D,D,378,R,0.15294,1.04410,True,0.68309,100,489,0
2WME_Q02DY9_D,D,379,D,0.05251,-0.37915,False,0.35699,100,489,0
2WME_Q02DY9_D,D,380,D,0.16022,1.14727,True,0.59698,100,489,0
2WME_Q02DY9_D,D,381,M,0.01893,-0.85503,False,0.07695,100,489,0
2WME_Q02DY9_D,D,382,T,0.08315,0.05507,False,0.22619,100,489,0
2WME_Q02DY9_D,D,383,I,0.00325,-1.07724,False,0.00149,100,489,0
2WME_Q02DY9_D,D,384,V,0.01077,-0.97067,False,0.03726,100,489,0
2WME_Q02DY9_D,D,385,R,0.16098,1.15804,True,0.56351,100,489,0
2WME_Q02DY9_D,D,386,E,0.13930,0.85080,False,0.39161,100,489,0
2WME_Q02DY9_D,D,387,E,0.06063,-0.26408,False,0.22679,100,489,0
2WME_Q02DY9_D,D,388,I,0.05487,-0.34571,False,0.05640,100,489,0
2WME_Q02DY9_D,D,389,F,0.06292,-0.23162,False,0.18813,100,489,0
2WME_Q02DY9_D,D,390,G,0.03042,-0.69220,False,0.04640,100,489,0
2WME_Q02DY9_D,D,391,P,0.00452,-1.05924,False,0.00000,100,489,0
2WME_Q02DY9_D,D,392,V,0.01220,-0.95041,False,0.01465,100,489,0
2WME_Q02DY9_D,D,393,M,0.00213,-1.09311,False,0.00000,100,489,0
2WME_Q02DY9_D,D,394,S,0.00585,-1.04039,False,0.00237,100,489,0
2WME_Q02DY9_D,D,395,I,0.00814,-1.00794,False,0.00397,100,489,0
2WME_Q02DY9_D,D,396,L,0.00685,-1.02622,False,0.00082,100,489,0
2WME_Q02DY9_D,D,397,V,0.02300,-0.79735,False,0.20624,100,489,0
2WME_Q02DY9_D,D,398,Y,0.02168,-0.81606,False,0.00913,100,489,0
2WME_Q02DY9_D,D,399,D,0.06989,-0.13285,False,0.43833,100,489,0
2WME_Q02DY9_D,D,400,D,0.18941,1.56093,True,0.48300,100,489,0
2WME_Q02DY9_D,D,401,E,0.07849,-0.01097,False,0.30096,100,489,0
2WME_Q02DY9_D,D,402,D,0.12223,0.60889,False,0.51212,100,489,0
2WME_Q02DY9_D,D,403,E,0.12749,0.68343,False,0.17828,100,489,0
2WME_Q02DY9_D,D,404,A,0.00208,-1.09382,False,0.00000,100,489,0
2WME_Q02DY9_D,D,405,I,0.04468,-0.49011,False,0.02960,100,489,0
2WME_Q02DY9_D,D,406,R,0.21324,1.89864,True,0.65236,100,489,0
2WME_Q02DY9_D,D,407,R,0.06203,-0.24424,False,0.12971,100,489,0
2WME_Q02DY9_D,D,408,A,0.01044,-0.97535,False,0.01980,100,489,0
2WME_Q02DY9_D,D,409,N,0.08534,0.08610,False,0.19819,100,489,0
2WME_Q02DY9_D,D,410,D,0.22668,2.08911,True,0.71145,100,489,0
2WME_Q02DY9_D,D,411,T,0.07995,0.00972,False,0.26714,100,489,0
2WME_Q02DY9_D,D,412,E,0.21307,1.89623,True,0.62945,100,489,0
2WME_Q02DY9_D,D,413,Y,0.04176,-0.53149,False,0.18463,100,489,0
2WME_Q02DY9_D,D,414,G,0.01260,-0.94474,False,0.06692,100,489,0
2WME_Q02DY9_D,D,415,L,0.01587,-0.89840,False,0.03946,100,489,0
2WME_Q02DY9_D,D,416,A,0.01591,-0.89783,False,0.00660,100,489,0
2WME_Q02DY9_D,D,417,A,0.00991,-0.98286,False,0.00765,100,489,0
2WME_Q02DY9_D,D,418,G,0.01624,-0.89315,False,0.00322,100,489,0
2WME_Q02DY9_D,D,419,V,0.00282,-1.08333,False,0.00211,100,489,0
2WME_Q02DY9_D,D,420,V,0.01309,-0.93779,False,0.01047,100,489,0
2WME_Q02DY9_D,D,421,T,0.03446,-0.63495,False,0.01597,100,489,0
2WME_Q02DY9_D,D,422,Q,0.15186,1.02879,True,0.69239,100,489,0
2WME_Q02DY9_D,D,423,D,0.12712,0.67819,False,0.35767,100,489,0
2WME_Q02DY9_D,D,424,L,0.22274,2.03327,True,0.86127,100,489,0
2WME_Q02DY9_D,D,425,A,0.13204,0.74791,False,0.55973,100,489,0
2WME_Q02DY9_D,D,426,R,0.12643,0.66841,False,0.30193,100,489,0
2WME_Q02DY9_D,D,427,A,0.03536,-0.62219,False,0.07525,100,489,0
2WME_Q02DY9_D,D,428,H,0.10863,0.41616,False,0.46960,100,489,0
2WME_Q02DY9_D,D,429,R,0.18664,1.52168,True,0.73866,100,489,0
2WME_Q02DY9_D,D,430,A,0.00386,-1.06860,False,0.00110,100,489,0
2WME_Q02DY9_D,D,431,I,0.03775,-0.58832,False,0.11989,100,489,0
2WME_Q02DY9_D,D,432,H,0.12160,0.59996,False,0.77252,100,489,0
2WME_Q02DY9_D,D,433,R,0.11962,0.57190,False,0.45318,100,489,0
2WME_Q02DY9_D,D,434,L,0.01726,-0.87870,False,0.05091,100,489,0
2WME_Q02DY9_D,D,435,E,0.08117,0.02701,False,0.42760,100,489,0
2WME_Q02DY9_D,D,436,A,0.02219,-0.80883,False,0.08585,100,489,0
2WME_Q02DY9_D,D,437,G,0.03857,-0.57670,False,0.29896,100,489,0
2WME_Q02DY9_D,D,438,I,0.02595,-0.75555,False,0.04720,100,489,0
2WME_Q02DY9_D,D,439,C,0.04295,-0.51463,False,0.36425,100,489,0
2WME_Q02DY9_D,D,440,W,0.06124,-0.25543,False,0.06524,100,489,0
2WME_Q02DY9_D,D,441,I,0.09332,0.19919,False,0.34528,100,489,0
2WME_Q02DY9_D,D,442,N,0.05626,-0.32601,False,0.25264,100,489,0
2WME_Q02DY9_D,D,443,T,0.13178,0.74423,False,0.39449,100,489,0
2WME_Q02DY9_D,D,444,W,0.05944,-0.28094,False,0.10366,100,489,0
2WME_Q02DY9_D,D,445,G,0.13952,0.85392,False,0.54044,100,489,0
2WME_Q02DY9_D,D,446,E,0.21073,1.86307,True,0.60540,100,489,0
2WME_Q02DY9_D,D,447,S,0.13118,0.73572,False,0.27316,100,489,0
2WME_Q02DY9_D,D,448,P,0.14764,0.96899,True,0.36681,100,489,0
2WME_Q02DY9_D,D,449,A,0.04035,-0.55148,False,0.13258,100,489,0
2WME_Q02DY9_D,D,450,E,0.12032,0.58182,False,0.59735,100,489,0
2WME_Q02DY9_D,D,451,M,0.10078,0.30491,False,0.30080,100,489,0
2WME_Q02DY9_D,D,452,P,0.03958,-0.56239,False,0.42728,100,489,0
2WME_Q02DY9_D,D,453,V,0.04608,-0.47027,False,0.06093,100,489,0
2WME_Q02DY9_D,D,454,G,0.00416,-1.06434,False,0.00000,100,489,0
2WME_Q02DY9_D,D,455,G,0.04495,-0.48629,False,0.05354,100,489,0
2WME_Q02DY9_D,D,456,Y,0.15871,1.12587,True,0.46264,100,489,0
2WME_Q02DY9_D,D,457,K,0.04659,-0.46305,False,0.44677,100,489,0
2WME_Q02DY9_D,D,458,Q,0.10984,0.43330,False,0.32858,100,489,0
2WME_Q02DY9_D,D,459,S,0.01124,-0.96401,False,0.00000,100,489,0
2WME_Q02DY9_D,D,460,G,0.03162,-0.67519,False,0.12604,100,489,0
2WME_Q02DY9_D,D,461,V,0.08493,0.08029,False,0.42082,100,489,0
2WME_Q02DY9_D,D,462,G,0.04095,-0.54297,False,0.42145,100,489,0
2WME_Q02DY9_D,D,463,R,0.04666,-0.46205,False,0.28431,100,489,0
2WME_Q02DY9_D,D,464,E,0.03155,-0.67619,False,0.05362,100,489,0
2WME_Q02DY9_D,D,465,N,0.00542,-1.04649,False,0.00148,100,489,0
2WME_Q02DY9_D,D,466,G,0.00594,-1.03912,False,0.00161,100,489,0
2WME_Q02DY9_D,D,467,L,0.16745,1.24973,True,0.77004,100,489,0
2WME_Q02DY9_D,D,468,T,0.07872,-0.00771,False,0.36154,100,489,0
2WME_Q02DY9_D,D,469,T,0.00945,-0.98938,False,0.02190,100,489,0
2WME_Q02DY9_D,D,470,L,0.04233,-0.52342,False,0.06265,100,489,0
2WME_Q02DY9_D,D,471,A,0.04438,-0.49436,False,0.28384,100,489,0
2WME_Q02DY9_D,D,472,H,0.05508,-0.34273,False,0.65407,100,489,0
2WME_Q02DY9_D,D,473,Y,0.00678,-1.02721,False,0.02277,100,489,0
2WME_Q02DY9_D,D,474,T,0.02771,-0.73060,False,0.09559,100,489,0
2WME_Q02DY9_D,D,475,R,0.06832,-0.15510,False,0.45333,100,489,0
2WME_Q02DY9_D,D,476,I,0.06437,-0.21108,False,0.62535,100,489,0
2WME_Q02DY9_D,D,477,K,0.05916,-0.28491,False,0.48401,100,489,0
2WME_Q02DY9_D,D,478,S,0.08478,0.07817,False,0.63948,100,489,0
2WME_Q02DY9_D,D,479,V,0.08497,0.08086,False,0.28848,100,489,0
2WME_Q02DY9_D,D,480,Q,0.14326,0.90692,True,0.53371,100,489,0
2WME_Q02DY9_D,D,481,V,0.05719,-0.31283,False,0.29609,100,489,0
2WME_Q02DY9_D,D,482,E,0.05013,-0.41288,False,0.36440,100,489,0
2WME_Q02DY9_D,D,483,L,0.12454,0.64163,False,0.69482,100,489,0
2WME_Q02DY9_D,D,484,G,0.08130,0.02885,False,0.39525,100,489,0
2WME_Q02DY9_D,D,485,D,0.16381,1.19814,True,0.88748,100,489,0
2WME_Q02DY9_D,D,486,Y,0.13875,0.84300,False,0.88611,100,489,0
2WME_Q02DY9_D,D,487,A,0.14821,0.97707,True,0.89743,100,489,0
2WME_Q02DY9_D,D,488,S,0.10673,0.38923,False,0.56862,100,489,0
2WME_Q02DY9_D,D,489,V,0.11918,0.56567,False,0.99000,100,489,0
2WME_Q02DY9_D,D,490,F,0.11876,0.55971,False,1.19676,100,489,0
