pdb,chain,res_id,residue,DiscoTope-3.0_score,calibrated_score,epitope,rsa,pLDDTs,length,alphafold_struc_flag
Q9KNC1_AF_A,A,1,M,0.08307,0.32144,False,1.27553,30.5,714,1
Q9KNC1_AF_A,A,2,H,0.16249,1.48717,True,0.96730,27.58,714,1
Q9KNC1_AF_A,A,3,L,0.19276,1.93148,True,0.91396,31.38,714,1
Q9KNC1_AF_A,A,4,P,0.15602,1.39220,True,0.82303,40.0,714,1
Q9KNC1_AF_A,A,5,H,0.11677,0.81609,False,0.72721,25.67,714,1
Q9KNC1_AF_A,A,6,F,0.14604,1.24572,True,0.96976,25.12,714,1
Q9KNC1_AF_A,A,7,A,0.14421,1.21886,True,0.84381,24.73,714,1
Q9KNC1_AF_A,A,8,L,0.12093,0.87715,False,1.03385,22.16,714,1
Q9KNC1_AF_A,A,9,S,0.11604,0.80537,False,0.91489,25.11,714,1
Q9KNC1_AF_A,A,10,S,0.16893,1.58170,True,0.65609,23.94,714,1
Q9KNC1_AF_A,A,11,V,0.14077,1.16836,True,1.06850,25.09,714,1
Q9KNC1_AF_A,A,12,L,0.13285,1.05211,True,0.89142,24.69,714,1
Q9KNC1_AF_A,A,13,S,0.19963,2.03231,True,0.82468,24.0,714,1
Q9KNC1_AF_A,A,14,L,0.12648,0.95861,True,0.87653,26.08,714,1
Q9KNC1_AF_A,A,15,T,0.16686,1.55131,True,1.02663,26.34,714,1
Q9KNC1_AF_A,A,16,L,0.14574,1.24131,True,0.97612,25.64,714,1
Q9KNC1_AF_A,A,17,C,0.08763,0.38837,False,0.96435,26.39,714,1
Q9KNC1_AF_A,A,18,A,0.09694,0.52502,False,0.86254,25.45,714,1
Q9KNC1_AF_A,A,19,I,0.15508,1.37841,True,1.02002,36.88,714,1
Q9KNC1_AF_A,A,20,P,0.14140,1.17761,True,0.89809,30.94,714,1
Q9KNC1_AF_A,A,21,N,0.13441,1.07501,True,0.90812,26.66,714,1
Q9KNC1_AF_A,A,22,L,0.14999,1.30369,True,1.14588,34.44,714,1
Q9KNC1_AF_A,A,23,G,0.10213,0.60120,False,0.77080,27.39,714,1
Q9KNC1_AF_A,A,24,F,0.10822,0.69059,False,1.09660,34.34,714,1
Q9KNC1_AF_A,A,25,A,0.10929,0.70630,False,0.91468,27.42,714,1
Q9KNC1_AF_A,A,26,S,0.09699,0.52576,False,0.72391,31.06,714,1
Q9KNC1_AF_A,A,27,S,0.11135,0.73653,False,0.72319,30.14,714,1
Q9KNC1_AF_A,A,28,N,0.10346,0.62072,False,0.82563,31.52,714,1
Q9KNC1_AF_A,A,29,Q,0.12079,0.87509,False,0.72716,30.94,714,1
Q9KNC1_AF_A,A,30,T,0.14232,1.19111,True,0.85718,29.8,714,1
Q9KNC1_AF_A,A,31,E,0.14628,1.24924,True,0.77330,32.31,714,1
Q9KNC1_AF_A,A,32,D,0.12840,0.98679,True,0.71714,31.59,714,1
Q9KNC1_AF_A,A,33,S,0.16267,1.48981,True,0.78593,36.59,714,1
Q9KNC1_AF_A,A,34,T,0.12602,0.95186,True,0.75498,40.91,714,1
Q9KNC1_AF_A,A,35,Q,0.08937,0.41391,False,0.64277,50.41,714,1
Q9KNC1_AF_A,A,36,A,0.12997,1.00984,True,0.86660,59.25,714,1
Q9KNC1_AF_A,A,37,R,0.08535,0.35490,False,0.75751,74.38,714,1
Q9KNC1_AF_A,A,38,P,0.05377,-0.10863,False,0.13632,84.94,714,1
Q9KNC1_AF_A,A,39,T,0.08336,0.32569,False,0.54404,86.5,714,1
Q9KNC1_AF_A,A,40,W,0.10964,0.71143,False,0.78144,90.12,714,1
Q9KNC1_AF_A,A,41,L,0.01521,-0.67462,False,0.03495,96.25,714,1
Q9KNC1_AF_A,A,42,R,0.06864,0.10963,False,0.29674,96.75,714,1
Q9KNC1_AF_A,A,43,D,0.06524,0.05973,False,0.11899,97.38,714,1
Q9KNC1_AF_A,A,44,I,0.01472,-0.68181,False,0.04080,98.31,714,1
Q9KNC1_AF_A,A,45,A,0.01270,-0.71146,False,0.09693,98.44,714,1
Q9KNC1_AF_A,A,46,L,0.00797,-0.78089,False,0.02925,98.56,714,1
Q9KNC1_AF_A,A,47,S,0.00512,-0.82272,False,0.00624,98.38,714,1
Q9KNC1_AF_A,A,48,P,0.01166,-0.72672,False,0.13917,97.56,714,1
Q9KNC1_AF_A,A,49,D,0.03150,-0.43551,False,0.35001,97.69,714,1
Q9KNC1_AF_A,A,50,G,0.03550,-0.37680,False,0.07467,97.88,714,1
Q9KNC1_AF_A,A,51,Q,0.04911,-0.17703,False,0.58472,98.38,714,1
Q9KNC1_AF_A,A,52,K,0.04686,-0.21006,False,0.32144,98.69,714,1
Q9KNC1_AF_A,A,53,I,0.00380,-0.84209,False,0.00000,98.81,714,1
Q9KNC1_AF_A,A,54,A,0.00188,-0.87027,False,0.00000,98.69,714,1
Q9KNC1_AF_A,A,55,F,0.00219,-0.86572,False,0.00000,98.69,714,1
Q9KNC1_AF_A,A,56,T,0.04211,-0.27978,False,0.05207,98.12,714,1
Q9KNC1_AF_A,A,57,Y,0.05141,-0.14327,False,0.16054,95.19,714,1
Q9KNC1_AF_A,A,58,A,0.04720,-0.20506,False,0.52507,90.69,714,1
Q9KNC1_AF_A,A,59,G,0.04235,-0.27625,False,0.15989,92.94,714,1
Q9KNC1_AF_A,A,60,Q,0.03205,-0.42744,False,0.12028,95.69,714,1
Q9KNC1_AF_A,A,61,I,0.00506,-0.82360,False,0.00000,97.69,714,1
Q9KNC1_AF_A,A,62,W,0.04336,-0.26143,False,0.04643,97.56,714,1
Q9KNC1_AF_A,A,63,L,0.03016,-0.45518,False,0.05444,97.94,714,1
Q9KNC1_AF_A,A,64,V,0.00603,-0.80936,False,0.00351,98.25,714,1
Q9KNC1_AF_A,A,65,P,0.04774,-0.19714,False,0.34069,98.44,714,1
Q9KNC1_AF_A,A,66,A,0.00669,-0.79967,False,0.01070,97.88,714,1
Q9KNC1_AF_A,A,67,Q,0.05202,-0.13432,False,0.64554,96.81,714,1
Q9KNC1_AF_A,A,68,G,0.07958,0.27021,False,0.11706,96.94,714,1
Q9KNC1_AF_A,A,69,G,0.03802,-0.33981,False,0.35984,96.44,714,1
Q9KNC1_AF_A,A,70,D,0.08700,0.37912,False,0.47270,95.81,714,1
Q9KNC1_AF_A,A,71,A,0.02058,-0.59579,False,0.08391,96.31,714,1
Q9KNC1_AF_A,A,72,V,0.10722,0.67591,False,0.61123,95.31,714,1
Q9KNC1_AF_A,A,73,A,0.04378,-0.25526,False,0.44136,94.75,714,1
Q9KNC1_AF_A,A,74,L,0.07229,0.16321,False,0.15763,95.56,714,1
Q9KNC1_AF_A,A,75,T,0.05232,-0.12991,False,0.11475,95.69,714,1
Q9KNC1_AF_A,A,76,E,0.16464,1.51873,True,0.44120,90.44,714,1
Q9KNC1_AF_A,A,77,S,0.11525,0.79378,False,0.69608,88.88,714,1
Q9KNC1_AF_A,A,78,G,0.11548,0.79715,False,1.03700,86.69,714,1
Q9KNC1_AF_A,A,79,V,0.09455,0.48994,False,0.17790,93.19,714,1
Q9KNC1_AF_A,A,80,Y,0.23971,2.62061,True,0.47586,96.19,714,1
Q9KNC1_AF_A,A,81,S,0.01317,-0.70456,False,0.00633,97.25,714,1
Q9KNC1_AF_A,A,82,E,0.06927,0.11888,False,0.10764,97.38,714,1
Q9KNC1_AF_A,A,83,T,0.14943,1.29547,True,0.21802,97.31,714,1
Q9KNC1_AF_A,A,84,P,0.01983,-0.60680,False,0.01642,98.38,714,1
Q9KNC1_AF_A,A,85,I,0.01860,-0.62486,False,0.22479,98.38,714,1
Q9KNC1_AF_A,A,86,W,0.04081,-0.29886,False,0.08519,98.44,714,1
Q9KNC1_AF_A,A,87,S,0.02981,-0.46032,False,0.06656,97.56,714,1
Q9KNC1_AF_A,A,88,P,0.02585,-0.51844,False,0.32602,95.81,714,1
Q9KNC1_AF_A,A,89,D,0.03944,-0.31897,False,0.57062,96.75,714,1
Q9KNC1_AF_A,A,90,S,0.02742,-0.49540,False,0.04240,98.19,714,1
Q9KNC1_AF_A,A,91,Q,0.06300,0.02685,False,0.45480,97.88,714,1
Q9KNC1_AF_A,A,92,S,0.04237,-0.27596,False,0.18277,98.12,714,1
Q9KNC1_AF_A,A,93,I,0.00276,-0.85736,False,0.00000,98.56,714,1
Q9KNC1_AF_A,A,94,A,0.00183,-0.87101,False,0.00000,98.62,714,1
Q9KNC1_AF_A,A,95,F,0.02964,-0.46281,False,0.02930,98.62,714,1
Q9KNC1_AF_A,A,96,T,0.04059,-0.30209,False,0.01999,98.44,714,1
Q9KNC1_AF_A,A,97,A,0.02718,-0.49892,False,0.03061,97.69,714,1
Q9KNC1_AF_A,A,98,D,0.25435,2.83550,True,0.37347,95.81,714,1
Q9KNC1_AF_A,A,99,R,0.25062,2.78075,True,0.41298,94.06,714,1
Q9KNC1_AF_A,A,100,Y,0.25440,2.83623,True,0.59558,93.5,714,1
Q9KNC1_AF_A,A,101,G,0.12446,0.92896,True,0.56090,90.56,714,1
Q9KNC1_AF_A,A,102,L,0.25529,2.84930,True,0.78616,87.88,714,1
Q9KNC1_AF_A,A,103,G,0.05316,-0.11758,False,0.04554,95.0,714,1
Q9KNC1_AF_A,A,104,D,0.02553,-0.52314,False,0.02057,97.38,714,1
Q9KNC1_AF_A,A,105,V,0.00300,-0.85384,False,0.00000,98.31,714,1
Q9KNC1_AF_A,A,106,F,0.02267,-0.56512,False,0.02675,98.38,714,1
Q9KNC1_AF_A,A,107,I,0.02591,-0.51756,False,0.11203,98.12,714,1
Q9KNC1_AF_A,A,108,L,0.04935,-0.17351,False,0.04577,97.12,714,1
Q9KNC1_AF_A,A,109,S,0.07535,0.20812,False,0.35643,97.38,714,1
Q9KNC1_AF_A,A,110,I,0.07231,0.16350,False,0.11329,96.56,714,1
Q9KNC1_AF_A,A,111,Q,0.17070,1.60768,True,0.75065,94.88,714,1
Q9KNC1_AF_A,A,112,G,0.12561,0.94584,True,0.36979,88.94,714,1
Q9KNC1_AF_A,A,113,G,0.09950,0.56260,False,0.84765,90.19,714,1
Q9KNC1_AF_A,A,114,E,0.29216,3.39048,True,0.91259,92.12,714,1
Q9KNC1_AF_A,A,115,S,0.08431,0.33964,False,0.23472,95.12,714,1
Q9KNC1_AF_A,A,116,R,0.12117,0.88067,False,0.41022,96.38,714,1
Q9KNC1_AF_A,A,117,R,0.15177,1.32982,True,0.20409,97.56,714,1
Q9KNC1_AF_A,A,118,L,0.01485,-0.67990,False,0.01771,97.94,714,1
Q9KNC1_AF_A,A,119,T,0.01253,-0.71395,False,0.00666,96.94,714,1
Q9KNC1_AF_A,A,120,Y,0.21116,2.20155,True,0.68682,94.62,714,1
Q9KNC1_AF_A,A,121,H,0.12723,0.96962,True,0.39641,89.56,714,1
Q9KNC1_AF_A,A,122,G,0.16908,1.58390,True,0.79309,86.25,714,1
Q9KNC1_AF_A,A,123,A,0.07324,0.17715,False,0.17704,87.12,714,1
Q9KNC1_AF_A,A,124,K,0.08176,0.30221,False,0.32537,92.31,714,1
Q9KNC1_AF_A,A,125,D,0.00578,-0.81303,False,0.00000,95.0,714,1
Q9KNC1_AF_A,A,126,I,0.06620,0.07382,False,0.29759,96.06,714,1
Q9KNC1_AF_A,A,127,P,0.01357,-0.69869,False,0.01764,97.81,714,1
Q9KNC1_AF_A,A,128,Y,0.02960,-0.46340,False,0.15434,96.81,714,1
Q9KNC1_AF_A,A,129,A,0.01197,-0.72217,False,0.10458,96.56,714,1
Q9KNC1_AF_A,A,130,F,0.01478,-0.68093,False,0.05527,96.88,714,1
Q9KNC1_AF_A,A,131,S,0.02227,-0.57099,False,0.10712,94.38,714,1
Q9KNC1_AF_A,A,132,A,0.06166,0.00718,False,0.56629,91.25,714,1
Q9KNC1_AF_A,A,133,D,0.04332,-0.26202,False,0.59920,92.0,714,1
Q9KNC1_AF_A,A,134,G,0.05242,-0.12845,False,0.24798,94.38,714,1
Q9KNC1_AF_A,A,135,Q,0.08012,0.27814,False,0.60489,95.69,714,1
Q9KNC1_AF_A,A,136,Q,0.07655,0.22574,False,0.32908,96.75,714,1
Q9KNC1_AF_A,A,137,L,0.00157,-0.87482,False,0.00000,98.06,714,1
Q9KNC1_AF_A,A,138,Y,0.02197,-0.57539,False,0.14182,97.5,714,1
Q9KNC1_AF_A,A,139,F,0.00502,-0.82419,False,0.00000,96.56,714,1
Q9KNC1_AF_A,A,140,S,0.05424,-0.10173,False,0.04329,93.12,714,1
Q9KNC1_AF_A,A,141,S,0.00879,-0.76885,False,0.00728,89.88,714,1
Q9KNC1_AF_A,A,142,R,0.26379,2.97406,True,0.52822,82.25,714,1
Q9KNC1_AF_A,A,143,R,0.12576,0.94804,True,0.08993,78.88,714,1
Q9KNC1_AF_A,A,144,L,0.17361,1.65039,True,0.99560,61.69,714,1
Q9KNC1_AF_A,A,145,G,0.09870,0.55086,False,0.34287,58.38,714,1
Q9KNC1_AF_A,A,146,D,0.13206,1.04052,True,0.43642,57.47,714,1
Q9KNC1_AF_A,A,147,D,0.16849,1.57524,True,0.69025,52.62,714,1
Q9KNC1_AF_A,A,148,K,0.22732,2.43875,True,0.92215,55.78,714,1
Q9KNC1_AF_A,A,149,A,0.05703,-0.06078,False,0.40618,53.62,714,1
Q9KNC1_AF_A,A,150,N,0.08090,0.28959,False,0.15993,54.56,714,1
Q9KNC1_AF_A,A,151,A,0.09815,0.54278,False,0.88827,50.78,714,1
Q9KNC1_AF_A,A,152,N,0.09522,0.49978,False,0.39063,51.88,714,1
Q9KNC1_AF_A,A,153,V,0.24770,2.73789,True,0.77691,47.44,714,1
Q9KNC1_AF_A,A,154,K,0.28918,3.34674,True,0.96196,47.12,714,1
Q9KNC1_AF_A,A,155,Q,0.16104,1.46589,True,0.36190,50.34,714,1
Q9KNC1_AF_A,A,156,G,0.15412,1.36431,True,0.50511,44.97,714,1
Q9KNC1_AF_A,A,157,S,0.15258,1.34171,True,0.44207,51.12,714,1
Q9KNC1_AF_A,A,158,F,0.30625,3.59729,True,0.76056,56.09,714,1
Q9KNC1_AF_A,A,159,M,0.05117,-0.14679,False,0.08737,70.75,714,1
Q9KNC1_AF_A,A,160,A,0.03005,-0.45679,False,0.16028,80.38,714,1
Q9KNC1_AF_A,A,161,Q,0.01867,-0.62383,False,0.03178,86.25,714,1
Q9KNC1_AF_A,A,162,L,0.00439,-0.83343,False,0.00165,92.0,714,1
Q9KNC1_AF_A,A,163,Y,0.03359,-0.40483,False,0.07988,94.38,714,1
Q9KNC1_AF_A,A,164,S,0.03983,-0.31324,False,0.11025,96.31,714,1
Q9KNC1_AF_A,A,165,V,0.00671,-0.79938,False,0.00095,97.88,714,1
Q9KNC1_AF_A,A,166,P,0.02166,-0.57994,False,0.29325,98.25,714,1
Q9KNC1_AF_A,A,167,A,0.02140,-0.58376,False,0.14206,96.38,714,1
Q9KNC1_AF_A,A,168,A,0.09470,0.49214,False,0.86660,95.88,714,1
Q9KNC1_AF_A,A,169,G,0.09199,0.45237,False,0.36400,94.06,714,1
Q9KNC1_AF_A,A,170,G,0.06031,-0.01264,False,0.59898,94.69,714,1
Q9KNC1_AF_A,A,171,R,0.27017,3.06771,True,0.81880,93.69,714,1
Q9KNC1_AF_A,A,172,E,0.12204,0.89344,False,0.29553,93.31,714,1
Q9KNC1_AF_A,A,173,Q,0.13892,1.14121,True,0.60830,92.31,714,1
Q9KNC1_AF_A,A,174,R,0.18008,1.74536,True,0.34858,90.81,714,1
Q9KNC1_AF_A,A,175,V,0.06583,0.06839,False,0.29860,92.19,714,1
Q9KNC1_AF_A,A,176,L,0.04081,-0.29886,False,0.07502,88.75,714,1
Q9KNC1_AF_A,A,177,P,0.11009,0.71804,False,0.31681,83.44,714,1
Q9KNC1_AF_A,A,178,I,0.07912,0.26346,False,0.35918,83.38,714,1
Q9KNC1_AF_A,A,179,A,0.04137,-0.29064,False,0.06658,83.31,714,1
Q9KNC1_AF_A,A,180,I,0.01663,-0.65377,False,0.01361,90.31,714,1
Q9KNC1_AF_A,A,181,S,0.07856,0.25524,False,0.21575,89.81,714,1
Q9KNC1_AF_A,A,182,D,0.04305,-0.26598,False,0.16426,94.19,714,1
Q9KNC1_AF_A,A,183,L,0.01665,-0.65348,False,0.09627,95.75,714,1
Q9KNC1_AF_A,A,184,A,0.01217,-0.71924,False,0.10841,96.38,714,1
Q9KNC1_AF_A,A,185,I,0.02601,-0.51609,False,0.20684,93.94,714,1
Q9KNC1_AF_A,A,186,S,0.00534,-0.81949,False,0.00692,89.88,714,1
Q9KNC1_AF_A,A,187,P,0.02364,-0.55088,False,0.44866,76.19,714,1
Q9KNC1_AF_A,A,188,S,0.09070,0.43343,False,0.65340,71.56,714,1
Q9KNC1_AF_A,A,189,H,0.09412,0.48363,False,0.49735,63.69,714,1
Q9KNC1_AF_A,A,190,S,0.06505,0.05694,False,0.47049,77.19,714,1
Q9KNC1_AF_A,A,191,D,0.04782,-0.19596,False,0.17806,90.81,714,1
Q9KNC1_AF_A,A,192,I,0.02290,-0.56174,False,0.04240,95.5,714,1
Q9KNC1_AF_A,A,193,L,0.00260,-0.85971,False,0.00000,97.44,714,1
Q9KNC1_AF_A,A,194,Y,0.02142,-0.58347,False,0.02428,97.19,714,1
Q9KNC1_AF_A,A,195,T,0.00612,-0.80804,False,0.00000,96.31,714,1
Q9KNC1_AF_A,A,196,N,0.02925,-0.46854,False,0.19217,92.88,714,1
Q9KNC1_AF_A,A,197,Q,0.08258,0.31425,False,0.19854,88.44,714,1
Q9KNC1_AF_A,A,198,P,0.14449,1.22296,True,0.47284,83.75,714,1
Q9KNC1_AF_A,A,199,S,0.13302,1.05461,True,0.17600,79.94,714,1
Q9KNC1_AF_A,A,200,D,0.26602,3.00679,True,0.66769,76.12,714,1
Q9KNC1_AF_A,A,201,E,0.22156,2.35420,True,0.25804,79.5,714,1
Q9KNC1_AF_A,A,202,Q,0.33824,4.06684,True,0.51532,84.81,714,1
Q9KNC1_AF_A,A,203,P,0.08709,0.38044,False,0.47737,84.0,714,1
Q9KNC1_AF_A,A,204,W,0.19943,2.02938,True,0.44253,87.75,714,1
Q9KNC1_AF_A,A,205,R,0.34397,4.15095,True,0.53226,87.75,714,1
Q9KNC1_AF_A,A,206,K,0.24992,2.77047,True,0.50533,88.81,714,1
Q9KNC1_AF_A,A,207,G,0.23593,2.56513,True,0.56842,88.56,714,1
Q9KNC1_AF_A,A,208,A,0.09370,0.47747,False,0.07264,88.0,714,1
Q9KNC1_AF_A,A,209,L,0.25550,2.85238,True,0.64246,90.38,714,1
Q9KNC1_AF_A,A,210,S,0.19885,2.02086,True,0.34424,88.44,714,1
Q9KNC1_AF_A,A,211,D,0.16445,1.51594,True,0.86225,85.31,714,1
Q9KNC1_AF_A,A,212,A,0.15660,1.40072,True,0.27271,86.06,714,1
Q9KNC1_AF_A,A,213,T,0.09259,0.46117,False,0.08162,92.0,714,1
Q9KNC1_AF_A,A,214,R,0.07800,0.24702,False,0.05606,93.88,714,1
Q9KNC1_AF_A,A,215,D,0.02903,-0.47177,False,0.12114,95.94,714,1
Q9KNC1_AF_A,A,216,I,0.00546,-0.81773,False,0.00000,97.62,714,1
Q9KNC1_AF_A,A,217,W,0.07245,0.16556,False,0.27870,97.25,714,1
Q9KNC1_AF_A,A,218,Q,0.05272,-0.12404,False,0.20604,95.81,714,1
Q9KNC1_AF_A,A,219,W,0.08854,0.40173,False,0.09141,95.12,714,1
Q9KNC1_AF_A,A,220,S,0.04529,-0.23310,False,0.14172,93.25,714,1
Q9KNC1_AF_A,A,221,P,0.08541,0.35578,False,0.43621,89.75,714,1
Q9KNC1_AF_A,A,222,L,0.12067,0.87333,False,0.88842,88.19,714,1
Q9KNC1_AF_A,A,223,T,0.18532,1.82227,True,0.74359,92.12,714,1
Q9KNC1_AF_A,A,224,G,0.10444,0.63511,False,0.54806,91.44,714,1
Q9KNC1_AF_A,A,225,K,0.18613,1.83416,True,0.66029,94.56,714,1
Q9KNC1_AF_A,A,226,H,0.09590,0.50976,False,0.34834,95.38,714,1
Q9KNC1_AF_A,A,227,T,0.08273,0.31645,False,0.38965,95.38,714,1
Q9KNC1_AF_A,A,228,Q,0.07299,0.17348,False,0.36069,95.88,714,1
Q9KNC1_AF_A,A,229,I,0.05992,-0.01836,False,0.26379,96.19,714,1
Q9KNC1_AF_A,A,230,T,0.04462,-0.24293,False,0.06569,96.25,714,1
Q9KNC1_AF_A,A,231,T,0.21751,2.29476,True,0.81755,93.06,714,1
Q9KNC1_AF_A,A,232,F,0.15490,1.37576,True,0.28006,93.81,714,1
Q9KNC1_AF_A,A,233,R,0.29713,3.46343,True,0.58917,93.12,714,1
Q9KNC1_AF_A,A,234,G,0.02440,-0.53972,False,0.00602,93.94,714,1
Q9KNC1_AF_A,A,235,E,0.00747,-0.78822,False,0.00052,95.06,714,1
Q9KNC1_AF_A,A,236,D,0.00658,-0.80129,False,0.00063,96.56,714,1
Q9KNC1_AF_A,A,237,R,0.07359,0.18229,False,0.08427,95.69,714,1
Q9KNC1_AF_A,A,238,N,0.09580,0.50829,False,0.21665,96.44,714,1
Q9KNC1_AF_A,A,239,P,0.01963,-0.60974,False,0.03160,97.88,714,1
Q9KNC1_AF_A,A,240,V,0.01681,-0.65113,False,0.12472,97.62,714,1
Q9KNC1_AF_A,A,241,W,0.07127,0.14824,False,0.07860,96.81,714,1
Q9KNC1_AF_A,A,242,S,0.01428,-0.68827,False,0.06213,94.88,714,1
Q9KNC1_AF_A,A,243,A,0.08350,0.32775,False,0.44534,92.81,714,1
Q9KNC1_AF_A,A,244,D,0.05688,-0.06298,False,0.59985,91.25,714,1
Q9KNC1_AF_A,A,245,G,0.04966,-0.16896,False,0.07226,91.75,714,1
Q9KNC1_AF_A,A,246,S,0.04595,-0.22341,False,0.30151,92.5,714,1
Q9KNC1_AF_A,A,247,S,0.01009,-0.74977,False,0.00870,95.19,714,1
Q9KNC1_AF_A,A,248,M,0.00747,-0.78822,False,0.00000,96.56,714,1
Q9KNC1_AF_A,A,249,Y,0.03594,-0.37034,False,0.15946,98.31,714,1
Q9KNC1_AF_A,A,250,Y,0.01653,-0.65524,False,0.00463,98.69,714,1
Q9KNC1_AF_A,A,251,L,0.02479,-0.53400,False,0.04864,98.19,714,1
Q9KNC1_AF_A,A,252,S,0.00385,-0.84136,False,0.00000,97.25,714,1
Q9KNC1_AF_A,A,253,E,0.09312,0.46895,False,0.04860,94.69,714,1
Q9KNC1_AF_A,A,254,Q,0.14631,1.24968,True,0.33516,94.06,714,1
Q9KNC1_AF_A,A,255,A,0.28179,3.23826,True,0.52906,92.19,714,1
Q9KNC1_AF_A,A,256,G,0.17620,1.68841,True,0.74409,90.75,714,1
Q9KNC1_AF_A,A,257,S,0.09279,0.46411,False,0.10327,93.12,714,1
Q9KNC1_AF_A,A,258,F,0.07186,0.15690,False,0.06688,97.0,714,1
Q9KNC1_AF_A,A,259,N,0.03190,-0.42964,False,0.01701,97.81,714,1
Q9KNC1_AF_A,A,260,V,0.00260,-0.85971,False,0.00000,98.5,714,1
Q9KNC1_AF_A,A,261,W,0.03635,-0.36432,False,0.12493,98.5,714,1
Q9KNC1_AF_A,A,262,Q,0.02781,-0.48967,False,0.20426,97.62,714,1
Q9KNC1_AF_A,A,263,Q,0.05772,-0.05065,False,0.11928,97.12,714,1
Q9KNC1_AF_A,A,264,R,0.09157,0.44620,False,0.38774,95.19,714,1
Q9KNC1_AF_A,A,265,F,0.09403,0.48231,False,0.37012,92.31,714,1
Q9KNC1_AF_A,A,266,D,0.12065,0.87304,False,0.57531,92.0,714,1
Q9KNC1_AF_A,A,267,G,0.15259,1.34186,True,0.80681,85.75,714,1
Q9KNC1_AF_A,A,268,S,0.12957,1.00397,True,0.37399,92.94,714,1
Q9KNC1_AF_A,A,269,E,0.20455,2.10453,True,0.73824,94.25,714,1
Q9KNC1_AF_A,A,270,P,0.12396,0.92162,True,0.34707,96.62,714,1
Q9KNC1_AF_A,A,271,V,0.12455,0.93028,True,0.62646,96.88,714,1
Q9KNC1_AF_A,A,272,Q,0.12953,1.00338,True,0.32932,97.44,714,1
Q9KNC1_AF_A,A,273,I,0.04669,-0.21255,False,0.28225,98.0,714,1
Q9KNC1_AF_A,A,274,T,0.05597,-0.07634,False,0.07571,97.62,714,1
Q9KNC1_AF_A,A,275,D,0.17830,1.71923,True,0.67003,96.12,714,1
Q9KNC1_AF_A,A,276,H,0.07846,0.25377,False,0.17292,95.75,714,1
Q9KNC1_AF_A,A,277,Q,0.18565,1.82711,True,0.65914,92.31,714,1
Q9KNC1_AF_A,A,278,K,0.23022,2.48132,True,0.91277,87.69,714,1
Q9KNC1_AF_A,A,279,L,0.17786,1.71277,True,0.41630,93.5,714,1
Q9KNC1_AF_A,A,280,P,0.07841,0.25304,False,0.03501,94.94,714,1
Q9KNC1_AF_A,A,281,V,0.00395,-0.83989,False,0.00070,97.38,714,1
Q9KNC1_AF_A,A,282,R,0.09979,0.56686,False,0.25107,96.5,714,1
Q9KNC1_AF_A,A,283,F,0.06005,-0.01645,False,0.19893,97.25,714,1
Q9KNC1_AF_A,A,284,L,0.01545,-0.67109,False,0.04814,98.44,714,1
Q9KNC1_AF_A,A,285,S,0.02310,-0.55881,False,0.12566,98.31,714,1
Q9KNC1_AF_A,A,286,A,0.01537,-0.67227,False,0.24964,97.5,714,1
Q9KNC1_AF_A,A,287,S,0.01023,-0.74771,False,0.03517,97.44,714,1
Q9KNC1_AF_A,A,288,L,0.04022,-0.30752,False,0.54629,94.38,714,1
Q9KNC1_AF_A,A,289,Q,0.03981,-0.31354,False,0.48678,94.06,714,1
Q9KNC1_AF_A,A,290,G,0.02610,-0.51477,False,0.18397,96.12,714,1
Q9KNC1_AF_A,A,291,D,0.02733,-0.49672,False,0.08163,98.12,714,1
Q9KNC1_AF_A,A,292,L,0.00961,-0.75681,False,0.01896,98.69,714,1
Q9KNC1_AF_A,A,293,A,0.00151,-0.87571,False,0.00000,98.69,714,1
Q9KNC1_AF_A,A,294,Y,0.00458,-0.83064,False,0.00170,98.75,714,1
Q9KNC1_AF_A,A,295,G,0.06768,0.09554,False,0.05618,97.94,714,1
Q9KNC1_AF_A,A,296,F,0.09686,0.52385,False,0.13931,96.94,714,1
Q9KNC1_AF_A,A,297,D,0.14239,1.19214,True,0.53769,94.12,714,1
Q9KNC1_AF_A,A,298,G,0.06405,0.04226,False,0.21891,94.19,714,1
Q9KNC1_AF_A,A,299,E,0.03613,-0.36755,False,0.15148,97.06,714,1
Q9KNC1_AF_A,A,300,I,0.00878,-0.76900,False,0.00206,98.44,714,1
Q9KNC1_AF_A,A,301,W,0.07432,0.19300,False,0.22814,98.5,714,1
Q9KNC1_AF_A,A,302,R,0.06645,0.07749,False,0.12016,98.38,714,1
Q9KNC1_AF_A,A,303,L,0.06837,0.10567,False,0.08921,98.38,714,1
Q9KNC1_AF_A,A,304,K,0.12064,0.87289,False,0.55356,97.5,714,1
Q9KNC1_AF_A,A,305,A,0.09713,0.52781,False,0.54723,95.19,714,1
Q9KNC1_AF_A,A,306,G,0.17262,1.63586,True,1.02993,92.81,714,1
Q9KNC1_AF_A,A,307,A,0.11914,0.85088,False,0.44418,95.44,714,1
Q9KNC1_AF_A,A,308,K,0.17675,1.69648,True,0.99260,92.38,714,1
Q9KNC1_AF_A,A,309,Q,0.26882,3.04789,True,0.73228,94.56,714,1
Q9KNC1_AF_A,A,310,A,0.05940,-0.02599,False,0.10004,97.12,714,1
Q9KNC1_AF_A,A,311,E,0.14545,1.23706,True,0.63460,97.31,714,1
Q9KNC1_AF_A,A,312,K,0.09603,0.51167,False,0.40875,97.0,714,1
Q9KNC1_AF_A,A,313,V,0.03102,-0.44256,False,0.04736,97.94,714,1
Q9KNC1_AF_A,A,314,P,0.13786,1.12565,True,0.58698,96.56,714,1
Q9KNC1_AF_A,A,315,V,0.04198,-0.28168,False,0.14534,96.56,714,1
Q9KNC1_AF_A,A,316,S,0.06069,-0.00706,False,0.40148,94.56,714,1
Q9KNC1_AF_A,A,317,I,0.08884,0.40613,False,0.07933,91.75,714,1
Q9KNC1_AF_A,A,318,R,0.26395,2.97641,True,0.73378,87.5,714,1
Q9KNC1_AF_A,A,319,R,0.18561,1.82653,True,0.45053,81.88,714,1
Q9KNC1_AF_A,A,320,S,0.29075,3.36978,True,0.78729,74.81,714,1
Q9KNC1_AF_A,A,321,A,0.15225,1.33687,True,0.60807,71.56,714,1
Q9KNC1_AF_A,A,322,M,0.20669,2.13594,True,0.51996,71.88,714,1
Q9KNC1_AF_A,A,323,P,0.21268,2.22386,True,0.59657,70.38,714,1
Q9KNC1_AF_A,A,324,D,0.17237,1.63219,True,0.59118,75.06,714,1
Q9KNC1_AF_A,A,325,G,0.10352,0.62160,False,0.44107,85.75,714,1
Q9KNC1_AF_A,A,326,R,0.16994,1.59652,True,0.47898,89.81,714,1
Q9KNC1_AF_A,A,327,H,0.17271,1.63718,True,0.27268,89.94,714,1
Q9KNC1_AF_A,A,328,N,0.15422,1.36578,True,0.88405,93.69,714,1
Q9KNC1_AF_A,A,329,V,0.09196,0.45193,False,0.26460,92.94,714,1
Q9KNC1_AF_A,A,330,N,0.04510,-0.23589,False,0.45397,93.94,714,1
Q9KNC1_AF_A,A,331,F,0.07343,0.17994,False,0.04229,93.69,714,1
Q9KNC1_AF_A,A,332,N,0.10808,0.68854,False,0.27902,90.88,714,1
Q9KNC1_AF_A,A,333,L,0.21726,2.29109,True,0.86797,89.44,714,1
Q9KNC1_AF_A,A,334,E,0.11611,0.80640,False,0.35788,92.94,714,1
Q9KNC1_AF_A,A,335,A,0.01603,-0.66258,False,0.21951,94.19,714,1
Q9KNC1_AF_A,A,336,T,0.07917,0.26419,False,0.57048,94.06,714,1
Q9KNC1_AF_A,A,337,E,0.01868,-0.62368,False,0.09339,95.5,714,1
Q9KNC1_AF_A,A,338,M,0.00896,-0.76635,False,0.08917,96.44,714,1
Q9KNC1_AF_A,A,339,V,0.02638,-0.51066,False,0.27896,96.25,714,1
Q9KNC1_AF_A,A,340,V,0.01103,-0.73597,False,0.17995,95.81,714,1
Q9KNC1_AF_A,A,341,A,0.00847,-0.77355,False,0.04370,94.44,714,1
Q9KNC1_AF_A,A,342,P,0.02142,-0.58347,False,0.37336,90.19,714,1
Q9KNC1_AF_A,A,343,N,0.05489,-0.09219,False,0.43851,82.69,714,1
Q9KNC1_AF_A,A,344,A,0.03214,-0.42612,False,0.27285,80.75,714,1
Q9KNC1_AF_A,A,345,A,0.02372,-0.54971,False,0.39953,90.81,714,1
Q9KNC1_AF_A,A,346,E,0.02900,-0.47221,False,0.03893,94.5,714,1
Q9KNC1_AF_A,A,347,V,0.00190,-0.86998,False,0.00000,96.75,714,1
Q9KNC1_AF_A,A,348,A,0.00245,-0.86191,False,0.00000,97.75,714,1
Q9KNC1_AF_A,A,349,I,0.00143,-0.87688,False,0.00000,97.5,714,1
Q9KNC1_AF_A,A,350,V,0.01219,-0.71894,False,0.01904,97.31,714,1
Q9KNC1_AF_A,A,351,A,0.00209,-0.86719,False,0.00000,95.38,714,1
Q9KNC1_AF_A,A,352,R,0.09805,0.54132,False,0.41186,93.62,714,1
Q9KNC1_AF_A,A,353,G,0.02173,-0.57892,False,0.15896,93.62,714,1
Q9KNC1_AF_A,A,354,D,0.00996,-0.75168,False,0.00613,95.88,714,1
Q9KNC1_AF_A,A,355,V,0.00151,-0.87571,False,0.00000,97.88,714,1
Q9KNC1_AF_A,A,356,Y,0.00292,-0.85501,False,0.00396,97.75,714,1
Q9KNC1_AF_A,A,357,V,0.00231,-0.86396,False,0.00000,97.38,714,1
Q9KNC1_AF_A,A,358,V,0.00293,-0.85486,False,0.00000,96.88,714,1
Q9KNC1_AF_A,A,359,S,0.03019,-0.45474,False,0.08027,95.12,714,1
Q9KNC1_AF_A,A,360,L,0.01954,-0.61106,False,0.06964,93.5,714,1
Q9KNC1_AF_A,A,361,L,0.06762,0.09466,False,0.80875,91.56,714,1
Q9KNC1_AF_A,A,362,S,0.11201,0.74622,False,0.66186,92.31,714,1
Q9KNC1_AF_A,A,363,G,0.03148,-0.43580,False,0.15148,93.12,714,1
Q9KNC1_AF_A,A,364,L,0.06790,0.09877,False,0.57953,95.12,714,1
Q9KNC1_AF_A,A,365,T,0.04474,-0.24117,False,0.20364,95.81,714,1
Q9KNC1_AF_A,A,366,Q,0.05101,-0.14914,False,0.19823,94.94,714,1
Q9KNC1_AF_A,A,367,R,0.06111,-0.00089,False,0.21096,95.75,714,1
Q9KNC1_AF_A,A,368,I,0.02721,-0.49848,False,0.11867,96.44,714,1
Q9KNC1_AF_A,A,369,T,0.01565,-0.66816,False,0.00682,95.56,714,1
Q9KNC1_AF_A,A,370,D,0.08507,0.35079,False,0.48232,92.81,714,1
Q9KNC1_AF_A,A,371,T,0.08258,0.31425,False,0.17208,90.69,714,1
Q9KNC1_AF_A,A,372,P,0.23270,2.51772,True,0.38263,88.62,714,1
Q9KNC1_AF_A,A,373,E,0.07643,0.22398,False,0.17994,91.12,714,1
Q9KNC1_AF_A,A,374,A,0.07209,0.16027,False,0.40292,92.94,714,1
Q9KNC1_AF_A,A,375,E,0.01423,-0.68900,False,0.01494,96.25,714,1
Q9KNC1_AF_A,A,376,R,0.05340,-0.11406,False,0.18940,96.19,714,1
Q9KNC1_AF_A,A,377,D,0.07518,0.20563,False,0.12498,96.38,714,1
Q9KNC1_AF_A,A,378,V,0.01937,-0.61356,False,0.04293,97.62,714,1
Q9KNC1_AF_A,A,379,S,0.01269,-0.71160,False,0.08399,96.62,714,1
Q9KNC1_AF_A,A,380,F,0.01853,-0.62588,False,0.12031,96.5,714,1
Q9KNC1_AF_A,A,381,S,0.00344,-0.84738,False,0.00231,94.12,714,1
Q9KNC1_AF_A,A,382,S,0.02073,-0.59359,False,0.41624,90.81,714,1
Q9KNC1_AF_A,A,383,D,0.02041,-0.59829,False,0.32037,87.62,714,1
Q9KNC1_AF_A,A,384,G,0.01419,-0.68959,False,0.04164,88.81,714,1
Q9KNC1_AF_A,A,385,Y,0.03380,-0.40175,False,0.27145,88.0,714,1
Q9KNC1_AF_A,A,386,R,0.08031,0.28093,False,0.39134,93.94,714,1
Q9KNC1_AF_A,A,387,L,0.00125,-0.87952,False,0.00000,97.44,714,1
Q9KNC1_AF_A,A,388,I,0.00443,-0.83285,False,0.00000,98.38,714,1
Q9KNC1_AF_A,A,389,Y,0.00298,-0.85413,False,0.00000,98.38,714,1
Q9KNC1_AF_A,A,390,A,0.00588,-0.81156,False,0.00000,97.38,714,1
Q9KNC1_AF_A,A,391,S,0.00733,-0.79028,False,0.00000,96.25,714,1
Q9KNC1_AF_A,A,392,E,0.12990,1.00881,True,0.41748,92.19,714,1
Q9KNC1_AF_A,A,393,R,0.15381,1.35976,True,0.11995,89.31,714,1
Q9KNC1_AF_A,A,394,E,0.17499,1.67065,True,0.82797,82.5,714,1
Q9KNC1_AF_A,A,395,G,0.11730,0.82387,False,0.92265,84.75,714,1
Q9KNC1_AF_A,A,396,S,0.05707,-0.06019,False,0.10001,91.31,714,1
Q9KNC1_AF_A,A,397,W,0.04920,-0.17571,False,0.14550,95.5,714,1
Q9KNC1_AF_A,A,398,N,0.02820,-0.48395,False,0.01331,96.94,714,1
Q9KNC1_AF_A,A,399,L,0.00586,-0.81186,False,0.00330,97.56,714,1
Q9KNC1_AF_A,A,400,Y,0.07174,0.15514,False,0.06786,97.88,714,1
Q9KNC1_AF_A,A,401,Q,0.04755,-0.19993,False,0.09415,97.5,714,1
Q9KNC1_AF_A,A,402,S,0.00408,-0.83798,False,0.00079,96.94,714,1
Q9KNC1_AF_A,A,403,Y,0.08560,0.35857,False,0.22839,94.12,714,1
Q9KNC1_AF_A,A,404,V,0.03361,-0.40454,False,0.13545,90.5,714,1
Q9KNC1_AF_A,A,405,N,0.18658,1.84077,True,0.48886,87.81,714,1
Q9KNC1_AF_A,A,406,D,0.17791,1.71351,True,0.44415,80.0,714,1
Q9KNC1_AF_A,A,407,G,0.18426,1.80671,True,0.86880,72.31,714,1
Q9KNC1_AF_A,A,408,G,0.10827,0.69133,False,0.44665,67.88,714,1
Q9KNC1_AF_A,A,409,K,0.11069,0.72685,False,0.69611,78.44,714,1
Q9KNC1_AF_A,A,410,S,0.02886,-0.47426,False,0.22875,88.81,714,1
Q9KNC1_AF_A,A,411,F,0.00537,-0.81905,False,0.00701,93.25,714,1
Q9KNC1_AF_A,A,412,S,0.01675,-0.65201,False,0.05390,91.06,714,1
Q9KNC1_AF_A,A,413,S,0.09425,0.48554,False,0.56561,88.69,714,1
Q9KNC1_AF_A,A,414,S,0.03149,-0.43566,False,0.03341,89.06,714,1
Q9KNC1_AF_A,A,415,L,0.16185,1.47778,True,1.08604,86.62,714,1
Q9KNC1_AF_A,A,416,D,0.18152,1.76649,True,0.33910,90.31,714,1
Q9KNC1_AF_A,A,417,I,0.05757,-0.05285,False,0.25600,92.88,714,1
Q9KNC1_AF_A,A,418,I,0.14078,1.16851,True,0.35118,94.81,714,1
Q9KNC1_AF_A,A,419,E,0.10918,0.70468,False,0.33838,95.88,714,1
Q9KNC1_AF_A,A,420,E,0.08742,0.38529,False,0.31621,95.94,714,1
Q9KNC1_AF_A,A,421,P,0.09574,0.50741,False,0.62154,96.0,714,1
Q9KNC1_AF_A,A,422,V,0.03667,-0.35962,False,0.22910,95.38,714,1
Q9KNC1_AF_A,A,423,L,0.12382,0.91957,True,0.17724,94.62,714,1
Q9KNC1_AF_A,A,424,T,0.11328,0.76486,False,0.52255,93.75,714,1
Q9KNC1_AF_A,A,425,T,0.17123,1.61546,True,0.26115,91.25,714,1
Q9KNC1_AF_A,A,426,E,0.15733,1.41143,True,0.85856,91.62,714,1
Q9KNC1_AF_A,A,427,Q,0.13494,1.08279,True,0.35296,94.38,714,1
Q9KNC1_AF_A,A,428,D,0.06433,0.04637,False,0.35533,95.56,714,1
Q9KNC1_AF_A,A,429,V,0.00621,-0.80672,False,0.00000,96.44,714,1
Q9KNC1_AF_A,A,430,I,0.03771,-0.34436,False,0.06480,96.19,714,1
Q9KNC1_AF_A,A,431,Q,0.10655,0.66608,False,0.11703,96.31,714,1
Q9KNC1_AF_A,A,432,P,0.00626,-0.80598,False,0.00220,97.62,714,1
Q9KNC1_AF_A,A,433,L,0.02415,-0.54339,False,0.31490,97.69,714,1
Q9KNC1_AF_A,A,434,Y,0.01766,-0.63865,False,0.08287,97.56,714,1
Q9KNC1_AF_A,A,435,S,0.00335,-0.84870,False,0.00000,97.31,714,1
Q9KNC1_AF_A,A,436,P,0.02340,-0.55440,False,0.36090,95.62,714,1
Q9KNC1_AF_A,A,437,N,0.03230,-0.42377,False,0.39241,94.75,714,1
Q9KNC1_AF_A,A,438,L,0.03353,-0.40571,False,0.30274,95.31,714,1
Q9KNC1_AF_A,A,439,K,0.05776,-0.05006,False,0.39931,96.5,714,1
Q9KNC1_AF_A,A,440,R,0.04339,-0.26099,False,0.11005,97.69,714,1
Q9KNC1_AF_A,A,441,I,0.00536,-0.81920,False,0.00480,98.38,714,1
Q9KNC1_AF_A,A,442,V,0.00137,-0.87776,False,0.00000,98.5,714,1
Q9KNC1_AF_A,A,443,Y,0.04958,-0.17013,False,0.02269,97.94,714,1
Q9KNC1_AF_A,A,444,R,0.00968,-0.75579,False,0.00421,96.19,714,1
Q9KNC1_AF_A,A,445,E,0.06771,0.09598,False,0.12466,96.19,714,1
Q9KNC1_AF_A,A,446,N,0.12524,0.94041,True,0.52528,93.56,714,1
Q9KNC1_AF_A,A,447,R,0.05952,-0.02423,False,0.31850,90.38,714,1
Q9KNC1_AF_A,A,448,N,0.07844,0.25348,False,0.20091,93.31,714,1
Q9KNC1_AF_A,A,449,T,0.04028,-0.30664,False,0.11432,95.69,714,1
Q9KNC1_AF_A,A,450,L,0.00278,-0.85706,False,0.00000,97.62,714,1
Q9KNC1_AF_A,A,451,K,0.05532,-0.08588,False,0.15698,98.25,714,1
Q9KNC1_AF_A,A,452,V,0.00625,-0.80613,False,0.00000,98.62,714,1
Q9KNC1_AF_A,A,453,Y,0.06932,0.11961,False,0.13338,98.38,714,1
Q9KNC1_AF_A,A,454,D,0.02021,-0.60123,False,0.02451,97.5,714,1
Q9KNC1_AF_A,A,455,I,0.08776,0.39028,False,0.41359,94.94,714,1
Q9KNC1_AF_A,A,456,E,0.09540,0.50242,False,0.62036,92.44,714,1
Q9KNC1_AF_A,A,457,Q,0.18609,1.83357,True,0.54215,95.19,714,1
Q9KNC1_AF_A,A,458,D,0.16850,1.57539,True,0.68845,95.12,714,1
Q9KNC1_AF_A,A,459,K,0.11722,0.82269,False,0.48601,96.44,714,1
Q9KNC1_AF_A,A,460,T,0.09576,0.50770,False,0.42101,97.81,714,1
Q9KNC1_AF_A,A,461,Y,0.05505,-0.08984,False,0.13496,98.12,714,1
Q9KNC1_AF_A,A,462,T,0.07316,0.17598,False,0.52833,97.81,714,1
Q9KNC1_AF_A,A,463,L,0.03862,-0.33100,False,0.11664,97.75,714,1
Q9KNC1_AF_A,A,464,L,0.03348,-0.40645,False,0.06677,96.19,714,1
Q9KNC1_AF_A,A,465,D,0.12455,0.93028,True,0.39848,94.75,714,1
Q9KNC1_AF_A,A,466,A,0.15035,1.30898,True,0.60968,92.94,714,1
Q9KNC1_AF_A,A,467,H,0.15867,1.43110,True,0.95273,90.81,714,1
Q9KNC1_AF_A,A,468,A,0.11545,0.79671,False,0.31503,91.56,714,1
Q9KNC1_AF_A,A,469,L,0.01409,-0.69106,False,0.00602,91.44,714,1
Q9KNC1_AF_A,A,470,Y,0.16133,1.47014,True,0.44940,89.94,714,1
Q9KNC1_AF_A,A,471,S,0.03134,-0.43786,False,0.02797,88.94,714,1
Q9KNC1_AF_A,A,472,Y,0.34988,4.23769,True,0.71690,85.0,714,1
Q9KNC1_AF_A,A,473,F,0.28126,3.23048,True,0.50845,86.31,714,1
Q9KNC1_AF_A,A,474,D,0.28155,3.23474,True,0.42709,82.25,714,1
Q9KNC1_AF_A,A,475,K,0.08803,0.39424,False,0.52925,83.88,714,1
Q9KNC1_AF_A,A,476,D,0.10956,0.71026,False,0.10801,86.56,714,1
Q9KNC1_AF_A,A,477,L,0.04788,-0.19508,False,0.03251,90.31,714,1
Q9KNC1_AF_A,A,478,S,0.05040,-0.15809,False,0.35974,92.56,714,1
Q9KNC1_AF_A,A,479,Y,0.03919,-0.32264,False,0.07165,96.25,714,1
Q9KNC1_AF_A,A,480,Q,0.03590,-0.37093,False,0.32735,97.12,714,1
Q9KNC1_AF_A,A,481,W,0.01622,-0.65979,False,0.05470,98.12,714,1
Q9KNC1_AF_A,A,482,S,0.00246,-0.86176,False,0.00000,97.75,714,1
Q9KNC1_AF_A,A,483,P,0.00655,-0.80173,False,0.23788,95.5,714,1
Q9KNC1_AF_A,A,484,D,0.03212,-0.42641,False,0.15119,95.5,714,1
Q9KNC1_AF_A,A,485,S,0.00769,-0.78500,False,0.00474,97.25,714,1
Q9KNC1_AF_A,A,486,E,0.02309,-0.55895,False,0.24651,96.81,714,1
Q9KNC1_AF_A,A,487,Y,0.02276,-0.56380,False,0.13156,98.38,714,1
Q9KNC1_AF_A,A,488,I,0.00301,-0.85369,False,0.00000,98.69,714,1
Q9KNC1_AF_A,A,489,V,0.00188,-0.87027,False,0.00000,98.5,714,1
Q9KNC1_AF_A,A,490,T,0.00380,-0.84209,False,0.00000,97.0,714,1
Q9KNC1_AF_A,A,491,R,0.02688,-0.50332,False,0.01005,94.0,714,1
Q9KNC1_AF_A,A,492,D,0.05125,-0.14562,False,0.15505,90.31,714,1
Q9KNC1_AF_A,A,493,R,0.14163,1.18099,True,0.54202,83.94,714,1
Q9KNC1_AF_A,A,494,A,0.17800,1.71483,True,0.27842,75.88,714,1
Q9KNC1_AF_A,A,495,M,0.21564,2.26731,True,0.46922,67.06,714,1
Q9KNC1_AF_A,A,496,S,0.21293,2.22753,True,0.64044,73.0,714,1
Q9KNC1_AF_A,A,497,N,0.27581,3.15049,True,0.42763,79.5,714,1
Q9KNC1_AF_A,A,498,G,0.00874,-0.76958,False,0.00271,88.25,714,1
Q9KNC1_AF_A,A,499,D,0.02875,-0.47587,False,0.12399,93.88,714,1
Q9KNC1_AF_A,A,500,I,0.00311,-0.85222,False,0.00000,96.69,714,1
Q9KNC1_AF_A,A,501,Q,0.03865,-0.33056,False,0.05347,96.69,714,1
Q9KNC1_AF_A,A,502,L,0.01429,-0.68812,False,0.01505,98.19,714,1
Q9KNC1_AF_A,A,503,L,0.01488,-0.67946,False,0.02555,98.31,714,1
Q9KNC1_AF_A,A,504,K,0.06107,-0.00148,False,0.14356,98.06,714,1
Q9KNC1_AF_A,A,505,F,0.04047,-0.30385,False,0.08981,97.19,714,1
Q9KNC1_AF_A,A,506,D,0.07674,0.22853,False,0.26281,96.69,714,1
Q9KNC1_AF_A,A,507,G,0.04133,-0.29122,False,0.48956,96.12,714,1
Q9KNC1_AF_A,A,508,S,0.15756,1.41481,True,0.64440,96.38,714,1
Q9KNC1_AF_A,A,509,E,0.09262,0.46161,False,0.46958,95.75,714,1
Q9KNC1_AF_A,A,510,A,0.10235,0.60443,False,0.79105,94.69,714,1
Q9KNC1_AF_A,A,511,P,0.04826,-0.18951,False,0.50210,95.75,714,1
Q9KNC1_AF_A,A,512,I,0.06820,0.10317,False,0.13759,96.88,714,1
Q9KNC1_AF_A,A,513,N,0.05664,-0.06650,False,0.29842,95.69,714,1
Q9KNC1_AF_A,A,514,L,0.00351,-0.84635,False,0.00427,97.12,714,1
Q9KNC1_AF_A,A,515,S,0.02540,-0.52505,False,0.08637,94.81,714,1
Q9KNC1_AF_A,A,516,Q,0.08151,0.29854,False,0.33076,91.12,714,1
Q9KNC1_AF_A,A,517,S,0.04435,-0.24690,False,0.28936,85.25,714,1
Q9KNC1_AF_A,A,518,G,0.14825,1.27815,True,0.85636,84.88,714,1
Q9KNC1_AF_A,A,519,F,0.07730,0.23675,False,0.48222,90.56,714,1
Q9KNC1_AF_A,A,520,S,0.09726,0.52972,False,0.12145,90.31,714,1
Q9KNC1_AF_A,A,521,E,0.01528,-0.67359,False,0.02267,93.5,714,1
Q9KNC1_AF_A,A,522,F,0.04867,-0.18349,False,0.23332,93.69,714,1
Q9KNC1_AF_A,A,523,A,0.09137,0.44327,False,0.25732,94.31,714,1
Q9KNC1_AF_A,A,524,P,0.00868,-0.77046,False,0.01889,97.25,714,1
Q9KNC1_AF_A,A,525,Q,0.02030,-0.59990,False,0.26228,97.56,714,1
Q9KNC1_AF_A,A,526,F,0.00931,-0.76122,False,0.06036,97.94,714,1
Q9KNC1_AF_A,A,527,S,0.00648,-0.80276,False,0.01562,96.38,714,1
Q9KNC1_AF_A,A,528,A,0.02578,-0.51947,False,0.43256,92.88,714,1
Q9KNC1_AF_A,A,529,D,0.02702,-0.50127,False,0.29859,92.0,714,1
Q9KNC1_AF_A,A,530,G,0.00203,-0.86807,False,0.00000,95.69,714,1
Q9KNC1_AF_A,A,531,Q,0.04074,-0.29988,False,0.07488,96.0,714,1
Q9KNC1_AF_A,A,532,W,0.01001,-0.75094,False,0.02151,97.75,714,1
Q9KNC1_AF_A,A,533,V,0.00267,-0.85868,False,0.00000,98.62,714,1
Q9KNC1_AF_A,A,534,Y,0.02054,-0.59638,False,0.02649,98.5,714,1
Q9KNC1_AF_A,A,535,W,0.01380,-0.69531,False,0.01212,97.62,714,1
Q9KNC1_AF_A,A,536,L,0.02610,-0.51477,False,0.08491,96.19,714,1
Q9KNC1_AF_A,A,537,T,0.00424,-0.83563,False,0.00217,94.94,714,1
Q9KNC1_AF_A,A,538,D,0.03955,-0.31735,False,0.06454,92.94,714,1
Q9KNC1_AF_A,A,539,A,0.09329,0.47145,False,0.28116,91.94,714,1
Q9KNC1_AF_A,A,540,K,0.08888,0.40672,False,0.60900,92.5,714,1
Q9KNC1_AF_A,A,541,G,0.02497,-0.53136,False,0.15247,89.25,714,1
Q9KNC1_AF_A,A,542,L,0.08648,0.37149,False,0.58765,91.31,714,1
Q9KNC1_AF_A,A,543,R,0.13528,1.08778,True,0.41340,87.69,714,1
Q9KNC1_AF_A,A,544,D,0.10784,0.68501,False,0.37734,81.94,714,1
Q9KNC1_AF_A,A,545,I,0.19619,1.98182,True,1.03903,82.5,714,1
Q9KNC1_AF_A,A,546,D,0.22682,2.43141,True,0.62306,73.25,714,1
Q9KNC1_AF_A,A,547,D,0.13657,1.10671,True,0.56713,79.62,714,1
Q9KNC1_AF_A,A,548,M,0.12897,0.99516,True,0.66920,82.06,714,1
Q9KNC1_AF_A,A,549,V,0.04827,-0.18936,False,0.22486,85.25,714,1
Q9KNC1_AF_A,A,550,V,0.05006,-0.16309,False,0.42165,88.81,714,1
Q9KNC1_AF_A,A,551,Q,0.05823,-0.04317,False,0.27106,94.56,714,1
Q9KNC1_AF_A,A,552,Y,0.04771,-0.19758,False,0.24317,95.56,714,1
Q9KNC1_AF_A,A,553,D,0.00444,-0.83270,False,0.00000,96.94,714,1
Q9KNC1_AF_A,A,554,V,0.00388,-0.84092,False,0.00000,98.19,714,1
Q9KNC1_AF_A,A,555,Y,0.06313,0.02876,False,0.15712,97.94,714,1
Q9KNC1_AF_A,A,556,G,0.00337,-0.84840,False,0.00000,97.69,714,1
Q9KNC1_AF_A,A,557,V,0.00945,-0.75916,False,0.00000,98.25,714,1
Q9KNC1_AF_A,A,558,A,0.00239,-0.86279,False,0.00000,97.69,714,1
Q9KNC1_AF_A,A,559,L,0.00194,-0.86939,False,0.00000,97.69,714,1
Q9KNC1_AF_A,A,560,N,0.02656,-0.50802,False,0.05817,96.5,714,1
Q9KNC1_AF_A,A,561,R,0.15131,1.32307,True,0.67198,95.38,714,1
Q9KNC1_AF_A,A,562,E,0.11580,0.80185,False,0.63601,92.62,714,1
Q9KNC1_AF_A,A,563,A,0.01020,-0.74815,False,0.09474,93.31,714,1
Q9KNC1_AF_A,A,564,K,0.02704,-0.50097,False,0.16503,93.75,714,1
Q9KNC1_AF_A,A,565,F,0.16408,1.51051,True,0.59900,91.12,714,1
Q9KNC1_AF_A,A,566,N,0.08464,0.34448,False,0.37430,87.88,714,1
Q9KNC1_AF_A,A,567,F,0.02652,-0.50861,False,0.08488,89.75,714,1
Q9KNC1_AF_A,A,568,N,0.07309,0.17495,False,0.56604,89.12,714,1
Q9KNC1_AF_A,A,569,K,0.06135,0.00263,False,0.12853,86.06,714,1
Q9KNC1_AF_A,A,570,T,0.04609,-0.22136,False,0.49349,85.31,714,1
Q9KNC1_AF_A,A,571,Q,0.10153,0.59240,False,0.69184,81.94,714,1
Q9KNC1_AF_A,A,572,E,0.09942,0.56142,False,0.61287,84.56,714,1
Q9KNC1_AF_A,A,573,Q,0.10805,0.68810,False,0.36017,85.38,714,1
Q9KNC1_AF_A,A,574,L,0.04472,-0.24147,False,0.34988,80.88,714,1
Q9KNC1_AF_A,A,575,W,0.13990,1.15559,True,0.61540,83.31,714,1
Q9KNC1_AF_A,A,576,L,0.08402,0.33538,False,0.55479,84.19,714,1
Q9KNC1_AF_A,A,577,E,0.11591,0.80347,False,0.39905,80.94,714,1
Q9KNC1_AF_A,A,578,E,0.17599,1.68532,True,0.62598,78.94,714,1
Q9KNC1_AF_A,A,579,E,0.13982,1.15442,True,0.42246,82.56,714,1
Q9KNC1_AF_A,A,580,I,0.08584,0.36210,False,0.44467,79.06,714,1
Q9KNC1_AF_A,A,581,A,0.06944,0.12138,False,0.39026,74.69,714,1
Q9KNC1_AF_A,A,582,A,0.13601,1.09849,True,0.72943,72.5,714,1
Q9KNC1_AF_A,A,583,E,0.16013,1.45253,True,0.77955,72.38,714,1
Q9KNC1_AF_A,A,584,K,0.17545,1.67740,True,0.66621,70.38,714,1
Q9KNC1_AF_A,A,585,N,0.09636,0.51651,False,0.92381,55.12,714,1
Q9KNC1_AF_A,A,586,L,0.12918,0.99824,True,0.79977,53.75,714,1
Q9KNC1_AF_A,A,587,G,0.14686,1.25775,True,0.78049,45.0,714,1
Q9KNC1_AF_A,A,588,P,0.17047,1.60430,True,1.05869,38.34,714,1
Q9KNC1_AF_A,A,589,G,0.12792,0.97975,True,0.95008,42.69,714,1
Q9KNC1_AF_A,A,590,Q,0.13026,1.01410,True,0.86575,31.28,714,1
Q9KNC1_AF_A,A,591,N,0.05720,-0.05828,False,0.92981,35.75,714,1
Q9KNC1_AF_A,A,592,P,0.09139,0.44356,False,0.73856,42.03,714,1
Q9KNC1_AF_A,A,593,P,0.06109,-0.00119,False,0.87806,49.41,714,1
Q9KNC1_AF_A,A,594,A,0.05322,-0.11670,False,0.59175,56.62,714,1
Q9KNC1_AF_A,A,595,E,0.07145,0.15088,False,0.54867,75.25,714,1
Q9KNC1_AF_A,A,596,L,0.06777,0.09686,False,0.80334,88.38,714,1
Q9KNC1_AF_A,A,597,T,0.02098,-0.58992,False,0.06195,92.0,714,1
Q9KNC1_AF_A,A,598,V,0.05739,-0.05550,False,0.57124,93.31,714,1
Q9KNC1_AF_A,A,599,V,0.05425,-0.10158,False,0.25282,94.75,714,1
Q9KNC1_AF_A,A,600,E,0.07445,0.19491,False,0.24176,95.94,714,1
Q9KNC1_AF_A,A,601,N,0.09499,0.49640,False,0.52440,93.5,714,1
Q9KNC1_AF_A,A,602,K,0.15808,1.42244,True,0.91522,93.94,714,1
Q9KNC1_AF_A,A,603,G,0.05192,-0.13578,False,0.38924,94.06,714,1
Q9KNC1_AF_A,A,604,L,0.01283,-0.70955,False,0.01204,96.06,714,1
Q9KNC1_AF_A,A,605,K,0.04943,-0.17233,False,0.61852,92.81,714,1
Q9KNC1_AF_A,A,606,Q,0.11099,0.73125,False,0.73575,94.75,714,1
Q9KNC1_AF_A,A,607,R,0.04938,-0.17307,False,0.04598,96.5,714,1
Q9KNC1_AF_A,A,608,T,0.03442,-0.39265,False,0.25501,96.5,714,1
Q9KNC1_AF_A,A,609,M,0.06293,0.02582,False,0.20779,95.38,714,1
Q9KNC1_AF_A,A,610,R,0.07852,0.25465,False,0.30194,95.94,714,1
Q9KNC1_AF_A,A,611,M,0.01278,-0.71028,False,0.04418,97.25,714,1
Q9KNC1_AF_A,A,612,T,0.00705,-0.79439,False,0.02391,97.5,714,1
Q9KNC1_AF_A,A,613,P,0.03278,-0.41672,False,0.44592,95.31,714,1
Q9KNC1_AF_A,A,614,T,0.14393,1.21475,True,0.46229,94.5,714,1
Q9KNC1_AF_A,A,615,S,0.04583,-0.22517,False,0.11453,96.06,714,1
Q9KNC1_AF_A,A,616,L,0.05711,-0.05960,False,0.11376,96.12,714,1
Q9KNC1_AF_A,A,617,N,0.06011,-0.01557,False,0.35973,95.38,714,1
Q9KNC1_AF_A,A,618,I,0.05103,-0.14885,False,0.08146,95.94,714,1
Q9KNC1_AF_A,A,619,I,0.09458,0.49038,False,0.49590,94.75,714,1
Q9KNC1_AF_A,A,620,F,0.02561,-0.52196,False,0.14407,96.19,714,1
Q9KNC1_AF_A,A,621,K,0.02334,-0.55528,False,0.08222,96.94,714,1
Q9KNC1_AF_A,A,622,H,0.02259,-0.56629,False,0.18110,96.88,714,1
Q9KNC1_AF_A,A,623,L,0.00894,-0.76665,False,0.04133,97.06,714,1
Q9KNC1_AF_A,A,624,T,0.00997,-0.75153,False,0.12304,95.06,714,1
Q9KNC1_AF_A,A,625,H,0.03648,-0.36241,False,0.46144,91.19,714,1
Q9KNC1_AF_A,A,626,D,0.04339,-0.26099,False,0.54892,88.38,714,1
Q9KNC1_AF_A,A,627,N,0.01175,-0.72540,False,0.08448,92.56,714,1
Q9KNC1_AF_A,A,628,Q,0.03118,-0.44021,False,0.23054,91.81,714,1
Q9KNC1_AF_A,A,629,A,0.02492,-0.53209,False,0.11989,95.81,714,1
Q9KNC1_AF_A,A,630,L,0.00118,-0.88055,False,0.00000,97.81,714,1
Q9KNC1_AF_A,A,631,I,0.02266,-0.56526,False,0.00800,97.75,714,1
Q9KNC1_AF_A,A,632,I,0.00301,-0.85369,False,0.00067,97.56,714,1
Q9KNC1_AF_A,A,633,A,0.00323,-0.85046,False,0.00128,97.31,714,1
Q9KNC1_AF_A,A,634,Y,0.05937,-0.02643,False,0.10085,96.81,714,1
Q9KNC1_AF_A,A,635,Q,0.05459,-0.09659,False,0.28040,96.12,714,1
Q9KNC1_AF_A,A,636,L,0.10170,0.59489,False,0.62429,93.5,714,1
Q9KNC1_AF_A,A,637,G,0.06472,0.05210,False,0.77922,90.38,714,1
Q9KNC1_AF_A,A,638,D,0.19156,1.91386,True,0.76604,91.12,714,1
Q9KNC1_AF_A,A,639,S,0.09847,0.54748,False,0.17778,95.5,714,1
Q9KNC1_AF_A,A,640,V,0.02014,-0.60225,False,0.01333,96.75,714,1
Q9KNC1_AF_A,A,641,Q,0.06151,0.00498,False,0.10859,97.31,714,1
Q9KNC1_AF_A,A,642,I,0.00437,-0.83373,False,0.00080,96.94,714,1
Q9KNC1_AF_A,A,643,S,0.00619,-0.80701,False,0.00316,97.25,714,1
Q9KNC1_AF_A,A,644,E,0.04261,-0.27244,False,0.26365,97.5,714,1
Q9KNC1_AF_A,A,645,I,0.00769,-0.78500,False,0.00000,98.19,714,1
Q9KNC1_AF_A,A,646,N,0.04982,-0.16661,False,0.37735,96.44,714,1
Q9KNC1_AF_A,A,647,L,0.04729,-0.20374,False,0.07717,95.5,714,1
Q9KNC1_AF_A,A,648,R,0.07341,0.17965,False,0.41420,89.38,714,1
Q9KNC1_AF_A,A,649,S,0.18607,1.83328,True,0.61242,91.56,714,1
Q9KNC1_AF_A,A,650,G,0.05066,-0.15428,False,0.41037,92.62,714,1
Q9KNC1_AF_A,A,651,E,0.09211,0.45413,False,0.58256,96.94,714,1
Q9KNC1_AF_A,A,652,M,0.04860,-0.18452,False,0.29379,97.38,714,1
Q9KNC1_AF_A,A,653,T,0.04278,-0.26994,False,0.47498,96.62,714,1
Q9KNC1_AF_A,A,654,A,0.08204,0.30632,False,0.66508,96.06,714,1
Q9KNC1_AF_A,A,655,L,0.03238,-0.42259,False,0.28163,95.0,714,1
Q9KNC1_AF_A,A,656,F,0.08254,0.31366,False,0.25695,93.25,714,1
Q9KNC1_AF_A,A,657,N,0.10353,0.62175,False,0.55048,94.31,714,1
Q9KNC1_AF_A,A,658,R,0.07156,0.15249,False,0.24474,93.38,714,1
Q9KNC1_AF_A,A,659,L,0.07092,0.14310,False,0.59912,93.94,714,1
Q9KNC1_AF_A,A,660,S,0.04892,-0.17982,False,0.32459,90.12,714,1
Q9KNC1_AF_A,A,661,E,0.05451,-0.09777,False,0.52943,86.25,714,1
Q9KNC1_AF_A,A,662,D,0.07152,0.15191,False,0.23427,90.38,714,1
Q9KNC1_AF_A,A,663,A,0.00712,-0.79336,False,0.04054,92.62,714,1
Q9KNC1_AF_A,A,664,A,0.04746,-0.20125,False,0.68719,90.25,714,1
Q9KNC1_AF_A,A,665,L,0.04590,-0.22415,False,0.26297,94.31,714,1
Q9KNC1_AF_A,A,666,L,0.02412,-0.54383,False,0.18052,96.25,714,1
Q9KNC1_AF_A,A,667,A,0.01208,-0.72056,False,0.13392,95.56,714,1
Q9KNC1_AF_A,A,668,M,0.03860,-0.33130,False,0.13571,94.88,714,1
Q9KNC1_AF_A,A,669,A,0.01405,-0.69164,False,0.13621,93.0,714,1
Q9KNC1_AF_A,A,670,S,0.03686,-0.35684,False,0.51287,87.0,714,1
Q9KNC1_AF_A,A,671,D,0.05319,-0.11714,False,0.50622,88.69,714,1
Q9KNC1_AF_A,A,672,D,0.02882,-0.47485,False,0.13005,90.5,714,1
Q9KNC1_AF_A,A,673,A,0.03153,-0.43507,False,0.11861,91.75,714,1
Q9KNC1_AF_A,A,674,S,0.09496,0.49596,False,0.14460,94.5,714,1
Q9KNC1_AF_A,A,675,L,0.00185,-0.87072,False,0.00082,96.06,714,1
Q9KNC1_AF_A,A,676,L,0.00212,-0.86675,False,0.00165,96.56,714,1
Q9KNC1_AF_A,A,677,I,0.01937,-0.61356,False,0.01030,95.75,714,1
Q9KNC1_AF_A,A,678,M,0.04508,-0.23618,False,0.04033,94.5,714,1
Q9KNC1_AF_A,A,679,G,0.03521,-0.38105,False,0.18264,87.56,714,1
Q9KNC1_AF_A,A,680,E,0.12420,0.92515,True,0.54442,78.62,714,1
Q9KNC1_AF_A,A,681,H,0.12606,0.95245,True,0.69520,78.12,714,1
Q9KNC1_AF_A,A,682,G,0.03947,-0.31853,False,0.09289,88.81,714,1
Q9KNC1_AF_A,A,683,I,0.00464,-0.82976,False,0.00000,95.06,714,1
Q9KNC1_AF_A,A,684,E,0.03872,-0.32953,False,0.09682,94.75,714,1
Q9KNC1_AF_A,A,685,N,0.02395,-0.54633,False,0.23144,94.75,714,1
Q9KNC1_AF_A,A,686,L,0.00619,-0.80701,False,0.00495,94.06,714,1
Q9KNC1_AF_A,A,687,N,0.02142,-0.58347,False,0.26293,94.62,714,1
Q9KNC1_AF_A,A,688,V,0.01700,-0.64834,False,0.04297,93.06,714,1
Q9KNC1_AF_A,A,689,L,0.06253,0.01995,False,0.78067,89.12,714,1
Q9KNC1_AF_A,A,690,T,0.13559,1.09233,True,0.67206,91.56,714,1
Q9KNC1_AF_A,A,691,G,0.04036,-0.30546,False,0.32462,88.69,714,1
Q9KNC1_AF_A,A,692,E,0.08953,0.41626,False,0.67541,92.94,714,1
Q9KNC1_AF_A,A,693,S,0.10575,0.65434,False,0.48572,92.25,714,1
Q9KNC1_AF_A,A,694,K,0.06443,0.04784,False,0.49239,92.44,714,1
Q9KNC1_AF_A,A,695,F,0.08908,0.40965,False,0.48526,93.44,714,1
Q9KNC1_AF_A,A,696,V,0.01400,-0.69238,False,0.04094,92.88,714,1
Q9KNC1_AF_A,A,697,R,0.14286,1.19904,True,0.78867,92.19,714,1
Q9KNC1_AF_A,A,698,Y,0.02524,-0.52740,False,0.05062,92.69,714,1
Q9KNC1_AF_A,A,699,E,0.04515,-0.23515,False,0.43912,93.81,714,1
Q9KNC1_AF_A,A,700,A,0.00152,-0.87556,False,0.00000,94.5,714,1
Q9KNC1_AF_A,A,701,K,0.09257,0.46088,False,0.59692,95.5,714,1
Q9KNC1_AF_A,A,702,A,0.03101,-0.44270,False,0.04286,93.44,714,1
Q9KNC1_AF_A,A,703,N,0.06210,0.01364,False,0.41685,92.56,714,1
Q9KNC1_AF_A,A,704,F,0.02938,-0.46663,False,0.04121,89.81,714,1
Q9KNC1_AF_A,A,705,D,0.04456,-0.24381,False,0.23006,90.44,714,1
Q9KNC1_AF_A,A,706,F,0.07754,0.24027,False,0.28665,87.62,714,1
Q9KNC1_AF_A,A,707,R,0.14910,1.29063,True,0.31265,86.44,714,1
Q9KNC1_AF_A,A,708,A,0.02647,-0.50934,False,0.17895,88.94,714,1
Q9KNC1_AF_A,A,709,E,0.11038,0.72230,False,0.16217,88.12,714,1
Q9KNC1_AF_A,A,710,I,0.06272,0.02274,False,0.39278,85.19,714,1
Q9KNC1_AF_A,A,711,R,0.15522,1.38046,True,0.65917,82.88,714,1
Q9KNC1_AF_A,A,712,L,0.08523,0.35314,False,0.58089,77.19,714,1
Q9KNC1_AF_A,A,713,L,0.19255,1.92839,True,0.89087,63.97,714,1
Q9KNC1_AF_A,A,714,V,0.09450,0.48921,False,1.18303,54.09,714,1
