D3XDZ5|WP_002965368.1	D3XDZ5|WP_002965368.1
D3XDZ5|WP_002965368.1	D3XDZ5|WP_002965368.1
