AA,Alpha
M,[0.00096937]
G,[0.0003174]
S,[0.00163742]
I,[0.00121494]
G,[0.00097822]
S,[0.00160736]
M,[0.00091582]
G,[0.00053595]
K,[0.00145269]
P,[0.00180686]
I,[0.00209055]
E,[0.00212186]
G,[0.00184622]
F,[0.00168407]
L,[0.00178355]
V,[0.0007341]
A,[0.00076406]
A,[0.00172267]
I,[0.00146459]
Q,[0.00025812]
F,[0.00203511]
P,[0.00251377]
V,[0.0018964]
P,[0.0031003]
I,[0.00274528]
V,[0.00171183]
N,[0.00609935]
S,[0.00183741]
R,[0.0011838]
K,[0.00053377]
D,[0.00174633]
I,[0.00284874]
D,[0.00180539]
H,[0.00162961]
N,[0.00100213]
I,[0.00217574]
E,[0.00147548]
S,[0.01432668]
I,[0.00687116]
I,[0.00217124]
R,[0.00501242]
T,[0.01076092]
L,[0.00113045]
H,[0.00270451]
A,[0.00420082]
T,[0.00106127]
K,[0.0015141]
A,[0.00227362]
G,[0.00224124]
Y,[0.00066994]
P,[0.00162409]
G,[0.00213293]
V,[0.00105209]
E,[0.00141228]
L,[0.00139011]
I,[0.00099583]
I,[0.00308034]
F,[0.01191402]
P,[0.0024348]
E,[0.00025995]
Y,[0.00337927]
S,[0.00480609]
T,[0.00097796]
Q,[0.00302867]
G,[0.00103551]
L,[0.00609655]
N,[0.00624748]
T,[0.00299707]
A,[0.00273148]
K,[0.00478592]
W,[0.00718973]
L,[0.00536867]
S,[0.00376742]
E,[0.00270826]
E,[0.00225118]
F,[0.00565733]
L,[0.00278767]
L,[0.0061671]
D,[0.00327392]
V,[0.00124185]
P,[0.00113479]
G,[0.00233142]
K,[0.00194133]
E,[0.00201204]
T,[0.00122694]
E,[0.00107805]
A,[0.00355259]
Y,[0.00193991]
A,[0.00185429]
Q,[0.000798]
A,[0.00087375]
C,[0.00051761]
K,[0.00035427]
E,[0.00025213]
A,[0.00158743]
E,[0.0018664]
V,[0.00201028]
Y,[0.01181893]
G,[0.00341335]
V,[0.00163928]
F,[0.00126543]
S,[0.001848]
I,[0.00321713]
M,[0.0059064]
E,[0.00026176]
R,[0.00259547]
N,[0.00142949]
P,[0.00219477]
D,[0.0029143]
S,[0.00287312]
N,[0.00764623]
K,[0.00508787]
N,[0.0064731]
P,[0.008671]
Y,[0.00184282]
N,[0.00023659]
T,[4.532803e-05]
A,[0.00054006]
I,[0.00083087]
I,[0.00220063]
I,[0.00119306]
D,[0.00029491]
P,[0.00058642]
Q,[0.00096438]
G,[0.00016745]
K,[0.00031672]
I,[0.00052997]
I,[0.00039242]
L,[0.00023946]
K,[0.00024568]
Y,[0.00021366]
R,[0.00029546]
K,[0.00013195]
L,[0.00075862]
F,[0.00144711]
P,[0.0005204]
W,[0.00403404]
N,[0.01077806]
P,[0.00198126]
I,[0.00430637]
E,[0.00036849]
P,[0.00368852]
W,[0.00162872]
Y,[0.00600115]
P,[0.00089676]
G,[0.00030046]
D,[0.00055821]
L,[0.00039921]
G,[0.00155918]
M,[0.00179925]
P,[0.00079836]
V,[0.00094918]
C,[0.000788]
E,[0.00056596]
G,[0.00096023]
P,[0.00057191]
G,[0.00067278]
G,[0.00048038]
S,[0.00431078]
K,[0.00124413]
L,[0.00425886]
A,[0.00217822]
V,[0.00263565]
C,[0.00202543]
I,[0.00054881]
C,[0.00094283]
H,[0.00298666]
D,[4.7569436e-05]
G,[0.0031332]
M,[0.00580714]
I,[0.00578924]
P,[0.00133648]
E,[0.00056495]
L,[0.00116793]
A,[0.00045898]
R,[0.00077669]
E,[0.00576497]
A,[0.00207363]
A,[0.00502468]
Y,[0.00594003]
K,[0.00084648]
G,[0.0002727]
C,[0.00066417]
N,[0.00130688]
V,[0.00512162]
Y,[0.00254375]
I,[0.00247269]
R,[0.01981198]
I,[0.00175775]
S,[0.00227822]
G,[0.00132467]
Y,[0.0037138]
S,[0.0009221]
T,[0.00583266]
Q,[0.00263551]
V,[0.01036922]
N,[0.00475686]
D,[0.0018116]
Q,[0.00182432]
W,[0.00220072]
I,[0.00426798]
L,[0.00171366]
T,[0.00244622]
N,[0.00378461]
R,[0.00058133]
S,[0.00044842]
N,[0.00251264]
A,[0.00031438]
W,[0.001734]
H,[0.0022927]
N,[0.00031062]
L,[0.00646383]
M,[0.00115922]
Y,[0.00328545]
T,[0.00287383]
V,[0.00193109]
S,[0.00045355]
V,[0.00070647]
N,[0.00031026]
L,[0.00197557]
A,[0.00136125]
G,[0.00041053]
Y,[0.00318109]
D,[0.0040128]
N,[0.00659915]
V,[0.00654354]
F,[0.00771059]
Y,[0.01999658]
Y,[0.01527426]
F,[0.03080905]
G,[0.00119159]
E,[0.00464015]
G,[0.00067157]
Q,[0.00378147]
I,[0.00088836]
C,[0.00174046]
N,[0.00802245]
F,[0.00072647]
D,[0.00124103]
G,[8.0859296e-05]
T,[0.0010431]
T,[0.00110017]
L,[0.00040451]
V,[0.00045211]
Q,[0.00200301]
G,[0.00032937]
H,[0.00173246]
R,[0.00226373]
N,[0.00416594]
P,[0.00399615]
W,[0.00553271]
E,[0.00333751]
I,[0.00142636]
V,[0.00103597]
T,[0.00126429]
G,[0.00055686]
E,[0.0028075]
I,[0.00048804]
Y,[0.00381119]
P,[0.00420501]
K,[0.00250118]
M,[0.00302328]
A,[0.00049929]
D,[0.00315346]
N,[0.00509529]
A,[0.00244162]
R,[0.00410466]
L,[0.00346583]
S,[0.00454855]
W,[0.02544983]
G,[0.01499286]
L,[0.00746204]
E,[0.00860061]
N,[0.00740368]
N,[0.01643874]
I,[0.00822449]
Y,[0.01100084]
N,[0.00965355]
L,[0.0047246]
G,[0.00363781]
H,[0.00431026]
R,[0.00243345]
G,[0.00220806]
Y,[0.00389188]
V,[0.00209153]
A,[0.00103787]
K,[0.00253174]
P,[0.00154255]
G,[0.00135779]
G,[0.00215618]
E,[0.00184638]
H,[0.00368066]
D,[0.00269116]
A,[0.00198634]
G,[0.00347452]
L,[0.00436745]
T,[0.00180543]
Y,[0.00332431]
I,[0.00859552]
K,[0.00195721]
D,[0.00202727]
L,[0.00397806]
A,[0.00071785]
A,[0.00081384]
G,[0.0012572]
K,[0.00141889]
Y,[0.00651778]
K,[0.00310199]
L,[0.00277638]
P,[0.00425142]
W,[0.0035502]
E,[0.00176452]
D,[0.00362046]
H,[0.0063162]
M,[0.00177825]
K,[0.00157855]
I,[0.00306193]
K,[0.00181743]
D,[0.00211033]
G,[0.00162866]
S,[0.00198028]
I,[0.00535214]
Y,[0.00370784]
G,[0.00162114]
Y,[0.00413238]
P,[0.00459399]
T,[0.00281059]
T,[0.00227672]
G,[0.0018346]
G,[0.00139814]
R,[0.00342385]
F,[0.00165306]
G,[0.00109341]
K,[0.00178512]
