query	target	pident	nident	alnlen	evalue	bits	mismatch	qcov	tcov	tstart	tend	taln
antigen_66|A0AAE8TKC7|5'-nucleotidase	BX571857.1	95.700	739	772	0.000E+00	1437	33	1.000	0.001	9706	10477	MKALLLKTSVWLVLLFSVMGLWQVSNAAEQHTPMKAHAVTTIDKATTDRQQVPPTKEAAHHYGEEAATNVSASAQGTADDTNNKVTSNAPTNKPTTAVSTTGNKRHDVDAQQASTQKPTHTATFKLSNAKTASLSPRMFAANVPQTTTHKILHTNDIHGRLAEEKGRVIGMAKLKTVKEQEKPDLMLDAGDAFQGLPLSNQSKGEEMAKAMNAVGYDAMAVGNHEFDFGYDQLKKLEGMLDFPMLSTNVYKDGKRAFKPSTIVTKNGIRYGIIGVTTPETKTKTRPEGIKGVEFRDPLQSVTAEMMRIYKDVDTFVVISHLGIDPSTQETWRGDYLVKQLSQNPQLKKRITVIDGHSHTVLQNGQIYNNDALVQTGTALANIGKITFNYRNGEVSNIKPSLINVKDVENVTPNKALAEQINQADQTFRAQTAEVIIPNNTIDFKGERDDVRTRETNLGNAIADAMEAYGVKNFSKKTDFAVTNGGGIRASIAKGKVTRYDLISVLPFGNTIAQIDVKGSDVWTAFEHSLGAPTTQKDGKTVLTANGGLLHISDSIRVYYDMNKPSGKRINAIQILNKETGKFESIDLKRVYHVTMNDFTASGGDGYSMFGGPREEGISLDQVLASYLKTANLAKYDMTEPQRMLLGKPVASEQPAKGQQGSKGSESGKDTQPIGKEKVMNPAKQPATGKVVLLPAHRGTVSSGTEGSDRALEGTAVSSKSGKQLANMSAPKGSAHEKQLPKTGTDQSSSPAAMFVLVTGIGLIATVRRRKAS
antigen_82|A0A0H3KEE1|Staphylococcal	BX571857.1	42.500	89	209	3.106E-37	141	111	0.571	0.000	133971	134178	TTESQTVKAAESTQGQHNYKSLKYYYSKPSIELINVDG-LYRQHLTDKGAYVWKNLKDYYIGLLGEDSKKFKSDVYGDLDAFLVIEEEPVKGRQYSIGGISKTNSKEFKEREVDVKVTRKADRDTTSTKDSKFKITKEEISLKELDFKLRQKLMKEENLYDAINHRKGKIVVKMEDDKFYTFELTKKLQPHRMGDTIDGTKIKEINVEL
antigen_29|Q2FYP2|ABC	BX571857.1	100.000	533	533	0.000E+00	1069	0	1.000	0.001	440368	440900	MLQVTDVSLRFGDRKLFEDVNIKFTEGNCYGLIGANGAGKSTFLKILSGELDSQTGHVSLGKNERLAVLKQDHYAYEDERVLDVVIKGHERLYEVMKEKDEIYMKPDFSDEDGIRAAELEGEFAEMNGWNAEADAANLLSGLGIDPTLHDKKMAELENNQKIKVLLAQSLFGEPDVLLLDEPTNGLDIPAISWLEDFLINFDNTVIVVSHDRHFLNNVCTHIADLDFGKIKVYVGNYDFWYQSSQLAQKMAQEQNKKKEEKMKELQDFIARFSANASKSKQATSRKKQLEKIELDDIQPSSRRYPFVKFTPEREIGNDLLIVQNLSKTIDGEKVLDNISFTMNPNDKAILIGDSEIAKTTLLKILAGEMEPDEGSYKWGVTTSLSYFPKDNSEFFEGVNMNLVDWLRQYAPEDEQTETFLRGFLGRMLFSGEEVKKKASVLSGGEKVRCMLSKMMLSSANVLLLDEPTNHLDLESITAVNDGLKSFKGSIIFTSYDFEFINTIANRVIDLNKQGGVSKEIPYEEYLQEIGVLK
antigen_71|Q2FWC7|Type	BX571857.1	100.000	267	267	1.051E-177	544	0	1.000	0.000	676742	677008	MKVGIDAGGTLIKIVQEQDNQRTFKTELTKNIDQVVEWLNQQQIEKLCLTGGNAGVIAENINIPAQIFVEFDAASQGLGILLKEQGHDLADYIFANVGTGTSLHYFDGQSQRRVGGIGTGGGMIQGLGYLLSQITDYKQLTDMAQHGDRNTIDLKVRHIYKDTEPPIPGDLTAANFGHVLHHLDADFTPSNKLAAVIGVVGEVVTTMAITVAREFKTENIVYIGSSFHNNALLRKVVEDYTVLRGCKPYYVENGAFSGAIGALYLEK
antigen_2|Q2FUY2|Clumping	BX571857.1	35.500	375	1056	1.607E-51	196	380	0.989	0.001	183419	184362	IPNRLNKFSIRKYSVGTASILVGTTLIFGLSGHEAKAAEHTNGELNQSKNETTAPSE--------NKTTEKVDSRQLKDNTQTATAD---QPKVTMSDSATVKETSSNMQSPQ------NATAS---------QSTTQTSNVTTNDKSSTTYSNETDKS---NLTQAKDVSATPKTTTIKP----RTLNRMAV---NTVAAPQQGTNVNDKVHFSNIDIAIDKGHLNKDTGKTEFWATSSDVLKLKANYTIDDSVKEGDTFTFKYGQYFRP-GSVRLPSQTQNL-----YNAQGNIIAKGIYDSTTNTTTYTFTNYVDQYTNVSGSFEQVAFAKRENATTDKTAYKMEVSLGNDTYSEEIIVDY-----GNKKAQPLISSTNYINNEDLS----RNMTAYVNQPKNTYTKQTFVTNLTGY---------KFNPNAKNFKIYEVTDQNQFVDSF--TPDTSKLKDVTNQF--NITYSNDNKTATVDLMNGQTSSNKQYIIQQVAYPDNTSTD------NGKIDYTLDTDKTKYSWSNSYSNVNGSSTANGDQKKYNLGDYVWEDTNKDGKQDANEKGIKGVYVILKDSNGKELDRTTTDENGKYQFTGLSNGTYSVEFSTPAGYTPTT--------------------------------ANAGTDDAVDSDGLTTTGVIKDADNMTLDSGFYKTPKYSLGDYVWYDSNKDGKQDSTEKGIKGVKVTLQNEKGEVIGTTETDENGKYRFDNLDSGKYKVIFEKPAGLTQTGTNTTEDDKDADGGEVDVTITDHDDFTLDNGYYEEETSDSDSDSDSDSDSDSDSDSDSDSDSDSDSDSDSDSDSDSDSDSDSDSDSDSDSDSDSDSDSDSDSDSDSDSDSDSDSDSDSDSDSDSDSDSDSDSDSDSDSDSDSDSDSDSDSDSDTDSDSDSDSDSDSDSDSDSDSDSDSDSDSDSDSDSDSDSDSDSDSDSDSDSESDADSDTDSDSDAG-----KHTPAKPMSTVKDQHKTAK-----ALPETGSENNNSNNGTLFGGLFAALGSLLLFGRRKKQNK
antigen_48|Q2G1E2|Membrane	BX571857.1	100.000	459	459	4.467E-301	912	0	1.000	0.001	71133	71591	MNFFDIHKIPNKGIPLSVQRKLWLRNFMQAFFVVFFVYMAMYLIRNNFKAAQPFLKEEIGLSTLELGYIGLAFSITYGLGKTLLGYFVDGRNTKRIISFLLILSAITVLIMGFVLSYFGSVMGLLIVLWGLNGVFQSVGGPASYSTISRWAPRTKRGRYLGFWNTSHNIGGAIAGGVALWGANVFFHGNVIGMFIFPSVIALLIGIATLFIGKDDPEELGWNRAEEIWEEPVDKENIDSQGMTKWEIFKKYILGNPVIWILCVSNVFVYIVRIGIDNWAPLYVSEHLHFSKGDAVNTIFYFEIGALVASLLWGYVSDLLKGRRAIVAIGCMFMITFVVLFYTNATSVMMVNISLFALGALIFGPQLLIGVSLTGFVPKNAISVANGMTGSFAYLFGDSMAKVGLAAIADPTRNGLNIFGYTLSGWTDVFIVFYVALFLGMILLGIVAFYEEKKIRSLKI
antigen_20|Q2FWW7|ABC	BX571857.1	25.900	73	281	1.319E-22	96	184	0.936	0.000	416221	416479	IQISNINKSFNKRCVLKNISFDIEQGKCIALIGKNGAGKSTLIDILIGNVNANSG--EIFDKDKLL---QSENR-SIMFQKTMFPDQLKVIEIINLYQSFYENPLPLEEIIELTKFDSSQLNQFVNKLSGGQQRLLDFVLSLIGQPQLILLDEPTSTMDIEIREYFWSIIEN-LKEDNRTILYTSHYIEEVERMSDKIILIENGEIILNDSTSHIRTNQQ-------------SQITLSDEYIRK--LKLDKDDLVIQKNHNGTIKIITSNVNDTILYLQQ
antigen_80|A0A6M8B1R6|Staphylococcal	BX571857.1	34.500	59	171	3.349E-23	96	90	0.619	0.000	638941	639104	QFHNEYEAKRLKDHKVDIFGISYSGLCN------TKYMYGGITLA-NQNLDKPRNIPINLWVNGKQNTISTDKVSTQKKEVTAQEIDIKLRKYLQNEYNIYGFNKTKKGQEYGYKSKFNSGFNKGKITFHLNNEPSFTYDLFYTGTGQAESFLKIYNDNKTIDAENFHLDV
antigen_81|A0A0H3KAV3|Staphylococcal	BX571857.1	38.700	90	232	5.344E-40	145	132	0.996	0.000	133950	134178	MKLKALAKATLVLGLLATGVITTESQTVKAAESTQGQHNYKSLKYYYSKPSIELINVDGLYRQHLTDKGAY---VWKNLKDYYIGLLGEDSKKFKSDVYGDLDAFLVIEEEPVKGRQYSIGGISKTNSKEFKEREVDVKVTRKADRDTTSTKDSKFKITKEEISLKELDFKLRQKLMKEENLYDAINHRKGKIVVKMEDDKFYTFELTKKLQPHRMGDTIDGTKIKEINVEL
antigen_55|Q2G1X0|Alpha-hemolysin	BX571857.1	26.600	84	315	2.358E-20	90	203	0.966	0.000	764972	765265	TATLAVGLIAPLANPFIEISKAENKIE----DIGQGAEIIKRTQDITS--KRLAITQNIQFDFVKDKKYNKDALVVKMQGFISSR-TTYSDLKKYPYIKRMIWPFQYNISLKTKDSNV-DLINYLPKNKIDSADVSQKLGYNIGGNF--QSAPSIGGSGSFNYS--KTISYNQKNYVTEVESQNSKGVKWGVKANSFVTPN-GQVS------AYDQYLFAQDPTG-PAARDYFVPDNQLPPLIQSGFNPSFITTLSHER-GKGDKSEFEITYGRNMDATYAYVTRHRLAVDRKHDAFKNRNVTVKYEVNWKTHEV
antigen_65|Q2G2Y0|Staphylococcal	BX571857.1	52.900	124	234	1.395E-67	225	107	1.000	0.000	134607	134840	MKFTAIAKAIFVLGILTTSVMITENQSVNAKGKYEKMNRLYDTNKLHQYYSGPSYELTNVSGQSQGYYDSNVLLFNQQNQKFQVFLLGKDENKYKEKTHGLDVFAVPELVDLDGRIFSVSGVTKKNVKSIFESLRTPNLLVKKIDDKDGFSYDEFFFIQKEEVSLKELDFKIRKLLIKKYKLYEGAADKGRIVINMKDENKYEIDLSDKLGFERMADVINSEQIKNIEVNLKSM
antigen_10|Q2FVV4|CAAX	BX571857.1	31.300	31	99	9.564E-06	43	60	0.371	0.000	780044	780142	FSLTIILNTLICQLIFRHILIQELSRLIPLKITIVLSVILETLYYYPYINTWWEFIPALILASSATYLYLKSYRNFMVSYFYQLAVILVLHIFMNISEY
antigen_87|A0A0H3K7M3|Superantigen-like	BX571857.1	27.800	63	226	1.545E-08	52	156	0.925	0.000	134616	134837	IFVLGILTTSVMITE-NQSVNAKGKYEKMNRLYDTNKLHQYYSGPSYELTNVS--GQSQGYYDSNVLLFNQQNQKFQVFLLGKDENKYKEKTHGLDVFAVPELVDLDGRIFSVSGVTKKNVKSIFESLRTPNLLVKKIDDKDGFSYD-EFFFIQKEEVSLKELDFKIRKLLIKKYKLYEGAADKGRIVINMKDENKYEIDLSDKLGFERMADVINSEQIKNIEVNL
antigen_32|Q2FZ93|Phospho-N-acetylmuramoyl-pentapeptide-transferase	BX571857.1	99.600	320	321	3.105E-198	607	1	1.000	0.000	367158	367478	MIFVYALLALVITFVLVPVLIPTLKRMKFGQSIREEGPQSHMKKTGTPTMGGLTFLLSIVITSLVVIIFVDQANPIILLLFVTIGFGLIGFIDDYIIVVKKNNQGLTSKQKFLAQIGIAIIFFVLSNVFHLVNFSTSIHIPFTNVAIPLSFAYVIFIVFWQVGFSNAVNLTDGLDGLATGLSIIGFTMYAIMSFVLGETAIGIFCIIMLFALLGFLPYNINPAKVFMGDTGSLALGGIFATISIMLNQELSLIFIGLVFVIETLSVMLQVASFKLTGKRIFKMSPIHHHFELIGWSEWKVVTVFWAVGLISGLIGLWIGVH
antigen_64|Q2G2W1|Quinolone	BX571857.1	25.500	99	388	1.124E-15	78	251	0.582	0.000	39657	40020	IADDLNISVTTVSWQATLAGLVIGIGAVVYASLSDAISIRTLFIYGVILIIIGSIIGYIFQHQFALLLVGRIIQTAGLAAAETLYVIYVAKYLSKEDQKTYLGLSTSSYSLSLVIG-TLSGGFISTYLHWT----NMFLIALIVVFTLPFLFKLLPKENNTNKAHLDFVGLILVATIATTVMLF----ITNFNW-------LYMIGALIAIIVFALYIKNAQRPLVNKSFFQNKRYASFLFIVFVMYAIQLGYIFTFPFIMEQIYHLQLDTTSLLLVPGYIVAVIVGALSGKIGEYLNSKQAIITAIILIA--------LSLILPAFAVGNHISIFVISMIFFAGSFALMYAPLLNEAIKTIDLNMTGVAIGFYNLIINVAVSVGIAI
antigen_6|Q2FVI5|Bcr/CflA	BX571857.1	28.100	47	167	9.469E-05	41	112	0.407	0.000	27692	27853	IVLGVITFW--LFAQSLVNVVPNLQQSFGADMGTISIAVSLT--ALFSGMFVVGAGGLADKIGRVKMTNIGLLLSIIGSAL-IIITNLPALLILGRIIQGVSAACIMPSTLAIMKTYYEGAERQRALSYWSIGSWGGSGICSLFGGAVATTMGWRWIFIFSIIVAVL
antigen_40|Q2G091|ABC	BX571857.1	31.700	163	513	2.180E-67	240	326	0.797	0.001	440370	440871	QVTDVSLRFGDRKLFEDVNIKFTEGNCYGLIGANGAGKSTFLKILSGELDSQTGHVSLGKNERLAVLKQDHYAYEDERVLDVVIKGHERLYEVMKEKDEIY--MKPDFSDEDGIRAAELEGEFAEMNGWNAEADAANLLSGLGIDPTLHDKKMAELENNQKIKVLLAQSLFGEPDVLLLDEPTNGLDIPAISWLEDFLINFDNTVIVVSHDRHFLNNVCTHIADLDFGKIKVYVGNYDFWYQSSQLAQKMAQEQNKKKEEKMK-ELQDFIARFSANASKSKQATSRKKQLEKIEL-----DDIQPSSRRYPFVKFTPEREIGNDLLIVQNLSKTIDGEKVLDNISFTMNPNDKAILIGDSEIAKTTLLKILAGEMEPDEGSYKWGVTTSLSYFPKDNSEFFEGVNMNLVDWLR---QYAPEDEQTETFLRGFLGRMLFSGEEVKKKASVLSGGEKVRCMLSKMMLSSANVLLLDEPTNHLDLESITAVNDGLKSFKGSIIFTSYDFEFINTIA
antigen_41|Q2G0A2|Quinolone	BX571857.1	22.100	95	428	1.990E-08	53	242	0.977	0.000	222095	222480	NYKLFVA--NMFLLGMGIAVTVPYLVLFATKDLGMTTNQYGLLLASAAISQFTVNSIIARFSDTHHFNRKIIIILALLMGALG---FSIYFFVDTIWLFILLYAIFQGLFAPAMPQLYASARESINVSSSKDRAQ---FANTVLRSMFSLGFLFGPFIGAQLIGLKGYAG-LFGGTISIILFTLVLQVFFYKDLNIKHPISTQQHVEKIAPNMFKD---KTLLLPFIAFILLHIGQWMYTMNMPLFVTDYLKENEQHVGYLASLCAGLEVPFMIILGVLSSRLQTRTLLIYGAIFGGLF----------YFS-----------------IGVFKNFY---MMLAGQVFLAIFLAVLLGIGISYFQDILPDFPGYASTLFSNAMVIGQLGGNLLGGAMSHWVGLENVFFVSAASIMLGMILIFFTKNQK
antigen_8|Q2FVK3|Gamma-hemolysin	BX571857.1	100.000	309	309	6.541E-205	625	0	1.000	0.000	764965	765273	MIKNKILTATLAVGLIAPLANPFIEISKAENKIEDIGQGAEIIKRTQDITSKRLAITQNIQFDFVKDKKYNKDALVVKMQGFISSRTTYSDLKKYPYIKRMIWPFQYNISLKTKDSNVDLINYLPKNKIDSADVSQKLGYNIGGNFQSAPSIGGSGSFNYSKTISYNQKNYVTEVESQNSKGVKWGVKANSFVTPNGQVSAYDQYLFAQDPTGPAARDYFVPDNQLPPLIQSGFNPSFITTLSHERGKGDKSEFEITYGRNMDATYAYVTRHRLAVDRKHDAFKNRNVTVKYEVNWKTHEVKIKSITPK
antigen_83|Q2G1S6|Staphylococcal	BX571857.1	40.500	96	237	6.721E-45	159	133	1.000	0.000	134607	134838	MKFTAIAKAIFVLGILTTSVMITENQSVNA---KGKYEKMNRLYDTNKLHQYYSGPSYELTNVSGQSQGYYDSNVLLFNQQNQKFQVFLLGKDENKYK-EKTHGLDVFAVPELVDLDGRIFSVSGVTKKNVKSIFESLRTPNLLVKKIDDKDGF-SYDEFFFIQKEEVSLKELDFKIRKLLIKKYKLYEGAADKGRIVINMKDENKYEIDLSDKLGFERMADVINSEQIKNIEVNLK
antigen_26|Q2FXN2|Amino	BX571857.1	65.400	295	451	3.046E-198	614	155	0.993	0.001	771249	771699	MARKLHRELNNRHIQLIAIGGAIGTGLFLGSGQTISLTGPSLLFTYMIIGVVLFAFMRALGELLLSNTRFNSFVDIANEYLGPFGGFVIGWTYWLCWIVSSMSDLTAMGQYFAFWYPQVPNWITVLFIVLILISFNLLGARLFGELEFWFSIIKVVTIIAMVIVGLVLIFFSFKTHYGHASFTNLISHGGMFPGGTFGFLMSFQIAVYSFIGIELIGVTAGETKDPEKTLPKAINNVPIRILLFYIGGLLVIMSVIPWNDIDPNSSPFVKLFTLIGVPFAAGVVNFVVLTAAASATNSGIYSNSRILFGLSQQGLGPKVLNKTNSHGVPYLSMLVSSIALLIAALLNYIFPNAIQLFIYVTTLSTVLFLVVWAMIIVAYLMYLKKHPEAHKNSKFKLIGGKPIAYIILAFFFFVFILLFFSDETRAAIYISPFWFIFLFFFYKKYKTNAEK
antigen_9|Q2FVL8|Assimilatory	BX571857.1	30.600	58	189	2.812E-12	67	106	0.221	0.000	341346	341521	NFKNAIIATGSRPIEIP------NFKFGKRVIDST-GALNLQEVPGKLVVVGGGYIGSELGTAFANFGSEVTILEGAKDILG-GFEKQMTQPVKKGMKEKGVEIVTEAMAK--SAEETDNGVKVTYEAKGEEKTIEADYVLVTVGRRPNTD---ELGLEELGVKFADRGLLEVDKQSRTSISNIYAIGD
antigen_92|O54462|Superantigen-like	BX571857.1	33.000	39	118	2.023E-06	45	69	0.474	0.000	134723	134837	FSVSGVTKKNVKSIFESLRTPNLLVKKIDDKDG-FSYDEFFFIQKEEVSLKELDFKIRKLLIKKYKLYEGAADK--GRIVINMKDENKYEIDLSDKLGFERMADVINSEQIKNIEVNL
antigen_24|Q2FXB0|Leucotoxin	BX571857.1	71.000	216	304	1.163E-140	440	82	0.990	0.000	764970	765268	ILTATLAVGLIAPLANPFIEISKAENKIEDIGQGAEIIKRTQDITSKRLAITQNIQFDFVKDKKYNKDALVVKMQGFISSRTTYSDLK--KYPYIKRMIWPFQYNISLKTKDSNVDLINYLPKNKIDSADVSQKLGYNIGGNFQSAPSIGGSGSFNYSKTISYNQKNYVTEVESQNSKGVKWGVKANSFVTPNGQVSAYDQYLFAQDPTGP--AARDYFVPDNQLPPLIQSGFNPSFITTLSHERGKGDKSEFEITYGRNMDATYAYV-TRHRLAVDRKHDAFKNRNVTVKYEVNWKTHEVKIK
antigen_52|Q2G1N0|Staphyloferrin	BX571857.1	21.600	82	379	3.498E-06	46	259	0.866	0.000	222095	222452	NYKLFVANMFLLGMGIAVTVPYLVLF--ATKDLGMTTNQ--YGLLLASAAISQFTVNSIIARFSDTHHFNRKIIIILALLMGALGFSIYFF---VDTIWLFILLYAIFQGLFAPAMPQLYASARESINVSSSKDRAQFANTVLRSMFSLGFLFGPFIGAQLIGLKGYAGLFGGTISIILFTLVLQVF-FYKDLNIKH-PISTQQHVEKIAPNMFKDKTLLLPFIAFILLHI--GQWMYTMNMPL-----FVTDYLKENEQHVGYLASLCAGLEVPFMIILGVLSSRLQTRTLLIYGAIFGGLFYFSIGVFKNFYMMLAGQV-----FLAIFLAVLLGIGISYFQDILPDFPGYASTLFSNAMVIGQLGGNLLGGAMSHW
antigen_16|Q2FWP0|Uncharacterized	BX571857.1	31.800	85	267	2.071E-33	130	160	0.784	0.000	765020	765266	ITQNIQFDFVKDKKYNKDALVVKMQGFISSRTTYSDLKKYPYIKRMIWPFQYNISLKTKD--SNVDLINYLPKNKIDSADVSQKLGYNIGGNFQSAPSIGGSGSF----NYSKTISYNQKNYVTEVESQNS-KGVKWGVKANSF---------VTPNGQVSAYDQYLFAQDPTGPA-ARDYFVPDNQLPPLIQSGFNPSFITTLSHERGKGDKSEFEITYGRNMDATYAYVTRHRL---AVDRKHDAFKNRNVTVKYEVNWKTHEVK
antigen_17|Q2FWS0|Phi	BX571857.1	87.800	72	82	3.738E-45	152	10	1.000	0.000	306577	306658	MIMTDSGRKEYLNQFFGSKSYLYQDNERVAHTHVVNGNYYFHGHIVPGWQGVKKTFDTAEELETYIKQSDLEYEEQKQLTLF
antigen_69|Q2UXD0|Clumping	BX571857.1	29.600	109	368	2.414E-23	100	218	0.870	0.000	186193	186546	TDHSTKPVATAPTSVAPKRVNAKMRFAVAQPAAVASNNV-NDLIKVTKQTIKVGDGKDNVAAAHDGKDIEYDTEFTIDNKVKKGDTMTINYDKNVIPSDLTD--KNDPIDITDPSGEVIAKGTFDKATKQITYTFTDYVDKYEDIKSRLTLYSYIDKKTVPNETSLNLTFATAGKETSQNVTVDYQDPMVHGDSNIQSIFTKLDEDKQTIEQQIYVNPLKKSATNTKVDIAGSQVDDYGNIKLGNGS-TIID-QNTEIKVYKVNSDQQLPQSNRIYDFSQYEDVTSQ----FDNKKSFSNNVATLDFGDINSAYIIKVVSKYTPTSDGELDIAQGTSMRTTDKYGY-----YNYAGYSNFIVTSNDSG
antigen_7|Q2FVK2|Gamma-hemolysin	BX571857.1	99.300	313	315	1.440E-206	631	2	1.000	0.000	765451	765765	MLKNKILATTLSVSLLAPLANPLLENAKAANDTEEIGKGSDIEIIKRTEDKTSNKWGVTQNIQFDFVKDKKYNKDALILKMQGFISSRTTYYNYKKTNHVKAMRWPFQYNIGLKTNDKYVSLINYLPKNKIESTNVSQTLGYNIGGNFQSAPSLGGNGSFNYSKSISYTQQNYVSEVEQQNSKSVLWGVKANSFATESGQKSAFDSDLFVGYKPHSKDPRDYFVPDSELPPLVQSGFNPSFIATVSHEKGSSDTSEFEITYGRNMDVTHAIKRSTHYGNSYLDGHRVHNAFVNRNYTVKYEVNWKTHEIKVKGQN
antigen_21|Q2FX09|Response	BX571857.1	25.500	50	196	1.063E-19	85	133	0.923	0.000	417054	417239	IIAEDQNMLRQAMVQLIKLHGDFEILADTDNGLDAMKLIEEYNPNVVILDIEMPGMTGLEVLAEIRKKHLNIKVIIVTTFKRPGYFEKAVVNDVDAYVLKERSIEELVETINKVNNGEKEYSATLMTSFFVDKN----------PLTPKEQIVLREIGNGLSSKEISEKLFLTDGTVRNYTSVIIDKLFADNRFDA
antigen_74|A0A6A9GWB2|Fibrinogen-binding	BX571857.1	99.300	164	165	5.837E-103	323	1	1.000	0.000	359956	360120	MKNKLIAKSLLTIAAIGITTTTIASTADASEGYGPREKKPVSINHNIVEYNDGTFKYQSRPKFNSTPKYIKFKHDYNILEFNDGTFEYGARPQFNKPAAKTDATIKKEQKLIQAQNLVREFEKTHTVSAHRKAQKAVNLVSFEYKVKKMVLQERIDNVLKQGLVK
antigen_57|Q2G2B2|Surface	BX571857.1	29.400	56	190	3.832E-09	58	107	0.114	0.000	185960	186126	RDNKKAITKK-GMISNRLNKFSIRKYTVGTASILVGTTLIFGLGNQEAKAAEN-----------TSTENAKQDDATTSDNKEVVSEAENNSTTENDSTNPIKKETNTDSQPEAKEESTKSSTQ-----QQQNNVTATTET----KPQNIEKENVKPSTD-KTATEDTSVILEEKKAPNNTNN-DVTTKPS
antigen_42|Q2G0B3|ABC	BX571857.1	25.100	125	498	6.074E-33	133	328	0.858	0.001	212253	212737	GIFVINALLSGLGLYLLSKIGEKIIYAIRSVLWEHIIQLKMPFFDKNESGQLMSRLTDDTKVINEFISQKLPNLLPSIVTLVGSLIMLFILDWKMTLLTFITIPIFVLIMIPLGRIMQKISTSTQSEIANFSGLLGRVLTEMRLVKISN-TERLELDNAHKNLNEIYKLGLKQAKIA----AVVQPIS----GIVMLLTIAIILGFGALEIATGAITAGTLIAMIFYVIQLSMPLINLSTLVTDYKKAVGASSRIYEIMQEPIEPTE-ALEDSENVLIDDGVLSFEHVDFKYD--VKKILDDVSFQIPQGQVSAFVGPSGSGKSTIFNLIERMYEIESGDIKYGLESVYNIPLSKWRRKIGYVMQSNSMMSGTIRDNI-LYGINRHVSDEELINYAKLANCHDFIMQFDEGYDTLVGERGLKLSGGQRQRIDIARSFVKNPDILLLDEATANLDSESELKIQEALETLMEGRTTIVIAHRLSTIKKAGQIIFLDKGQV
antigen_70|A0AAE2ZXQ7|Collagen	BX571857.1	24.000	167	694	3.773E-05	44	387	0.851	0.001	186226	186875	VASNNVNDLIKVTKQTIKVGDGKDNVAAAHDGKDIEYDTEFTIDNKVKKGDTMTINYDKNVIPSDLTDKNDPIDITDP---SGEVIAKGTFDKATKQITYTFTDYVDKYEDIKSRLTLYSYIDKKTVPNETSLNLTFATAGKETSQNVTVDYQDPMVHGDSNIQSIF-----TKLDEDKQTIEQQIYVNPLKKSAT---NTKVDIAGSQVDDYGNIKLGNGSTIIDQNTEIKVYKVNSDQQLPQSNRIYDFSQ-YEDVTSQFDNKKSFSNNVATLDFGDINSAYIIKVVSKYTPTSDGELDIAQGTSMRTTDKYGY--YNYAGYSNFIVTSNDSGGGDGTVKPEEKLYKIGDYVWEDVDKDGVQGTDSKEKPMANVLVTLTYPDGTTK-------SVRTDAKGHYEFGGLKDGETYTVKFETPTGYL--PTKVNGTTDGEKDSNGSSVTVKINGKDDMSLDTGFYKEPKYNLGDYVWEDTNK------------DGIQDANEPGIKDVKVTLKDSTGKVIGTTT--TDASGKYKFTDLDNGNYTVEFETPAGYTPTVKNTTAEDKDSNGLTTTGVIKDADNMTLDSGFYKTPKYSLGDYVWYD-SNKDGKQDSTEKGIKDVTVTLQNEKGEVIGTTKTDENGKYRFDNL---DSGK---YKVIFEKPAGLTQTVTNTTEDDKDADGGEVDVTIT
antigen_37|Q2G015|Clumping	BX571857.1	80.000	201	251	1.247E-42	167	38	0.268	0.000	185597	185838	SDSDSDSDSDSDSDSDSDSDSDSDSDSDSDSDSDSDSDSDSDSDSDSDSDSDSDSDSDSDSDSDSDSDSDSDSDSDSDSDSDSDSDSDSDSDSDSDSDSDSESDSDSDSDSDSDSDSDSDSDSDSDSDSDSDSDSDSDSDSDSDSDSDSDSDSDSDSDSDSDSDSDSDSDSDSDSDSDSDSDAGKHTPVKPM-----STTKDHHNKAK----ALPETGNENSGSNNATLFGGLFAALGSLLLFGRRKKQNK
antigen_0|P14738|Fibronectin-binding	BX571857.1	24.600	149	604	1.514E-08	55	335	0.551	0.001	183425	183951	KFSIRKYSVGTASILVGTTLIFGL-SGHEAKAAEHTNGELNQSKNETTAPSENKTTEKVDSRQLKDNTQTATADQPKV--TMSDSATVKETSSN------------MQSPQNATASQSTTQTSNVTTNDKSSTTYSNETDKSNLTQAKDVSATPKTTT-------------------IKPRTLNRMAV-----NTVAAPQQGTNVNDKVHFSNIDIAIDKGHLNKDTGKTEFWATSSDVLKLKANYTIDDSVKEGDTFTFKYGQYFRPGSVRLPSQTQNLYN-----AQGNIIAKGIYDSTTNTTTYTFTNYVDQYTNVSGSFEQVAFAKRENATTDKTAYKMEVSLGNDTYSEEIIVDY----GNKKAQPLISSTNYINNEDLSRNMTAYVNQPKNTYTKQTFVTN--LTGYKFNPNAKNFKIYEVTDQNQ----FVDSFTPDTSKLKDVT------------NQFNITYSNDNKTATV----DLMNGQTSSNKQYIIQQVAYPDNTST---DNGKIDYTLDTDKTKYSWSNS---YSNVNGSSTANGDQKKYNLGDYVWEDTNKDGKQDANEKGIKGVYVILKDSNGKELD-RTTTDENGKY
antigen_79|Q2FJ77|Serine-aspartate	BX571857.1	98.000	1131	1154	0.000E+00	2017	10	1.000	0.001	185957	187097	MINRDNKKAITKKGMISNRLNKFSIRKYTVGTASILVGTTLIFGLGNQEAKAAENTSTENAKQDDATTSDNKEVVSEAENNSTTENDSTNPIKKETNTDSQPEAKEESTKSSTQQQQNNVTATTETKPQNIEKENVKPSTDKTATEDTSVILEEKKAPNNTNNDVTTK-----PSTSEIQTKPTTPQESTNIENSQPQPTPSKVDNQVTDATNPKEPVNVSKEELKNNPEKLKELVRNDSNTDHSTKPVATAPTSVAPKRVNAKMRFAVAQPAAVASNNVNDLIKVTKQTIKVGDGKDNVAAAHDGKDIEYDTEFTIDNKVKKGDTMTINYDKNVIPSDLTDKNDPIDITDPSGEVIAKGTFDKATKQITYTFTDYVDKYEDIKSRLTLYSYIDKKTVPNETSLNLTFATAGKETSQNVTVDYQDPMVHGDSNIQSIFTKLDEDKQTIEQQIYVNPLKKSATNTKVDIAGSQVDDYGNIKLGNGSTIIDQNTEIKVYKVNSDQQLPQSNRIYDFSQYEDVTSQFDNKKSFSNNVATLDFGDINSAYIIKVVSKYTPTSDGELDIAQGTSMRTTDKYGYYNYAGYSNFIVTSNDSGGGDGTVKPEEKLYKIGDYVWEDVDKDGVQGTDSKEKPMANVLVTLTYPDGTTKSVRTDAKGHYEFGGLKDGETYTVKFETPTGYLPTKVNGTTDGEKDSNGSSVTVKINGKDDMSLDTGFYKEPKYNLGDYVWEDTNKDGIQDANEPGIKDVKVTLKDSTGKVIGTTTTDASGKYKFTDLDNGNYTVEFETPAGYTPTVKNTTAEDKDSNGLTTTGVIKDADNMTLDSGFYKTPKYSLGDYVWYDSNKDGKQDSTEKGIKDVTVTLQNEKGEVIGTTKTDENGKYRFDNLDSGKYKVIFEKPAGLTQTVTNTTEDDKDADGGEVDVTITDHDDFTLDNGYFEEDTSDSDSDSDSD--------SDSDSDSDSDSDSDSDSDSDSESDSDSDSDSDSDSDSDSDSDSDSDSDSDSDSDSDSDSDSDSDSDSDSDSDSDSDSDSDSDSDSDSDSDSDSDSDSDSDSDSDSDSDSDSDSDSDSDSDSDSDSDSDSDSDSDSDAGKHTPVKPMSTTKDHHNKAKALPETGSENNGSNNATLFGGLFAALGSLLLFGRRKKQNK
antigen_73|Q2G107|Enterotoxin-like	BX571857.1	43.500	37	85	4.228E-07	47	45	0.414	0.000	134764	134846	IQKEEVSLKELDFKIRKLLIKKYKLYEGA-ADKGRIVINMKDENKYEIDLSDKLGFERMADVINSEQIKNIEVNL-KSMIYIEKL
antigen_33|Q2FZB1|Staphylococcal/Streptococcal	BX571857.1	29.800	54	181	2.518E-10	57	100	0.697	0.000	134650	134816	NKLHQYYSGPSYELT------------NVSGQSQGYYDSNVLLFNQQNQKFQVFLLGKDENKYKEKTHGLDVFAVPELVDLDGRIFSVSGVTKKNVKSIFESLRTPNLLVKKIDDKDG--FSYDEFFFIQKEEVSLKELDFKIRKLLIKKYKLYEGAADKGRIVINMKDENKYEIDLSDKL
antigen_84|A0A0H3KAV8|Staphylococcal	BX571857.1	82.300	191	232	2.816E-116	365	40	1.000	0.000	133950	134181	MKLKALAKATLVLGLLATGVITTESQTVKAAESTQGQHNYKSLKYYYSKPSIELINVDGLYRQHLTDKGAYVWKNLKDYYIGLLGEDSKKFKSDVYGDLDAFLVIEEEPVKGRQYSIGGISKTNSKEFKEREVDVKVTRKADRDTTSTKDSKFKITKEEISLKELDFKLRQKLMKEENLYDAINHRKGKIVVKMEDDKFYTFELTKKLQPHRMGDTIDGTKIKEINVELEYK
antigen_85|A0A2S1FUJ3|Superantigen-like	BX571857.1	51.200	120	234	6.720E-67	223	111	1.000	0.000	134607	134840	MKFTAIAKAIFVLGILTTSVMITENQSVNAKGKYEKMNRLYDTNKLHQYYSGPSYELTNVSGQSQGYYDSNVLLFNQQNQKFQVFLLGKDENKYKEKTHGLDVFAVPELVDLDGRIFSVSGVTKKNVKSIFESLRTPNLLVKKIDDKDGFSYDEFFFIQKEEVSLKELDFKIRKLLIKKYKLYEGAADKGRIVINMKDENKYEIDLSDKLGFERMADVINSEQIKNIEVNLKSM
antigen_86|A0A2S1FUJ1|Superantigen-like	BX571857.1	43.400	103	237	2.770E-43	154	121	0.996	0.000	133950	134178	MKLKALAKATLVLGLLATGVITTESQTVKAAESTQG----QHNYKSLKYYYSKPSIELINVDGLYRQHLTDKGAYVWKNLKDYYIGLLGEDSKKFKS-DV-YGDLDAFLVIEEEPVKGRQYSIGGISKTNSKEFKE--REVDVKVTRKADRDTTSTKDSKFKITKEEISLKELDFKLRQKLMKEENLYDAINHRKGKIVVKMEDDKFYTFELTKKLQPHRMGDTIDGTKIKEINVEL
antigen_78|A0AB72WB37|Serine-aspartate	BX571857.1	97.800	1345	1375	0.000E+00	2407	20	1.000	0.002	184474	185838	MLNRENKTAITRKGMVSNRLNKFSIRKYTVGTASILVGTTLIFGLGNQEAKAAESTNKELNEATTSASDNQSSDKVDMQQLNQEDNTKNDNQKEMVSSQGNETTSNGNKSIEKESVQSTTGNKVEVSTAKSDEQASPKSTNEDLNTKQTISNQEALQPDLQENKSVVNAQPTNEENKKVDAKTESTTLNVKSDAIKSNAETLVDNNSNSNNENNADIILPKSTAPKRLNTRMRIAAVQPSSTEAKNVNDLITSNTTLTVVDADKNNKIVPAQDYLELKSQIKVDDKVKSGDYFTIKYSDTVQVYGLNPEDIKNIGDIKDPNNGETIATAKHDTANNLITYTFTDYVDRFNSVQMGINYSIYMDADTIPVSKNDVEFNVTIGNTTTKTTANIQYPDYVVNEKNSIGSAFTETVSHVGNKENPGYYKQTIYVNPSENSLTNAKLKVQAYHSSYPNNIGQINKEVTDIKIYQVPKGYTLNKGYDVNTKELTDVTNQYLQKITYGDNNSAVIDFGNADSAYVVMVNTKFQYTTSESPTLVQMVTLSSNNSKSASMGNALGFTNNQSGGAGQEVYKIGNYVWEDTNKNGVQELGEKGVGNVTVTVFDNNTNTKVGEAVTKEDGSYLIPNLPNGDYRVEFSNLPKGYEVTPSKQGNNEELDSNGLSSVITVNGKDNLSADLGIYKPKYNLGDYVWEDTNKNGIQDQDEKGISGVTVTLKDENGNVLKTVTTDADGKYKFTDLDNGNYKVEFTTPEGYTPTTVTSGSDIEKDSNGLTTTGVINGADNMTLDSGFYKTPKYNLGNYVWEDTNKDGKQDSTEKGISGVTVTLKNENGEVLQTTKTDKDGKYQFTGLENGTYKVEFETPSGYTPTQVGSGTDEGIDSNGTSTTGVIKDKDNDTIDSGFYKPTYNLGDYVWEDTNKNGVQDKDEKGISGVTVTLKDENDKVLKTVTTDENGKYQFTDLNNGTYKVEFETPSGYTPTSVTSGNDTEKDSNGLTTTGVIKDADNMTLDSGFYKTPKYSLGDYVWYDSNKDGKQDSTEKGIKDVKVTLLNEKGEVIGTTKTDENGKYRFDNLDSGKYKVIFEKPAGLTQTGTNTTEDDKDADGGEVDVTITDHDDFTLDNGYFEEDTSDSDSDSDSDSDSD----------SDSDSDSDSDSDSDSDSDSDSDSDSDSDSDSDSDSDSDSDSDSDSDSDSDSDSDSDSDSDSDSDSDSDSDSDSDSDSDSDSDSDSDSESDSDSDSDSDSDSDSDSDSDSDSDSDSDSDSDSDSDSDSDSDSDSDSDSDSDSDSDSDSDSDSDSDSDSDSDSDSDSDSDAGKHTPVKPMSTTKDHHNKAKALPETGNENSGSNNATLFGGLFAALGSLLLFGRRKKQNK
antigen_36|Q2G010|Thermonuclease	BX571857.1	99.100	226	228	1.424E-140	435	2	1.000	0.000	262356	262583	MTEYLLSAGICMAIVSILLIGMAISNVSKGQYAKRFFFFATSCLVLTLVVVSSLSSSANASQTDNGVNRSGSEHPTVYSATSTKKLHKEPATLIKAIDGDTVKLMYKGQPMTFRLLLVDTPETKHPKKGVEKYGPEASAFTKKMVENAKKIEVEFDKGQRTDKYGRGLAYIYADGKMVNEALVRQGLAKVAYVYKPNNTHEQLLRKSEAQAKKEKLNIWSEDNADSGQ
